9.66094610366414 
8.90885643654861 
8.67339311524391 
8.937371228947 
9.3803147956199 
8.45701372867689 
10.0163494519925 
8.75201784483553 
8.72747659969003 
8.50987673169643 
8.62068913997161 
9.15364699984195 
8.5332667574023 
9.13928332294849 
8.1981905403733 
8.58303932965167 
8.42781334471885 
9.06199907147445 
9.47731874622635 
9.65016077706449 
8.45399290656291 
8.81301472551148 
9.19962975060872 
9.34974891896856 
8.81614430307403 
8.16716044044593 
9.66208953821464 
8.41568471626698 
9.6483283079945 
9.69080929539274 
