1571.26885473959 
1498.28821261985 
1358.07426982113 
1389.7376186341 
1401.89112694573 
1427.42971673486 
1500.97317454868 
1405.02965211038 
1405.96326402644 
1348.46998553564 
1323.19293951022 
1409.74737189901 
1381.47415997275 
1460.14255128327 
1350.54578224264 
1323.25584244074 
1437.5140497006 
1397.89182483719 
1407.95960440016 
1369.31403030001 
1407.32726441445 
1394.03488199245 
1522.56874379868 
1452.41211219102 
1496.92752291239 
1469.70710740212 
1425.43337636114 
1336.23702089073 
1463.28769780902 
1415.12722779833 
1664.94456099879 
1447.19779031937 
1414.2830042572 
1419.07024833746 
1373.44244895013 
1317.89585062474 
1378.60711061348 
1513.93448891534 
1332.37676736543 
1295.21768883377 
1428.99897931719 
1470.45863188775 
1416.97458754714 
1417.08715068596 
1417.07390796374 
1365.50343698302 
1380.54385873723 
1434.60396149414 
1310.89045057369 
1439.27202107447 
1433.56771848091 
1378.02112015552 
1387.48304517722 
1378.2363143915 
1386.25478269189 
1307.52679913141 
1399.91796133589 
1450.00193674812 
1375.726818532 
1392.65432820167 
1438.32516643619 
1353.11155967154 
1405.440176499 
1339.03454595837 
1451.89564602468 
1364.02687345619 
1271.65888601559 
1391.98557072988 
1499.65221300786 
1369.43652548049 
1407.59874021984 
1347.09605310596 
1329.75139768656 
1376.5015177815 
1460.46368729695 
1319.34261802659 
1369.03593313352 
1369.92319552184 
1406.28108935957 
1399.02407758646 
1417.49767507458 
1429.27707648367 
1427.16486229059 
1419.41786979557 
1283.05424848048 
1313.27745125271 
1428.48251315085 
1323.32536673236 
1455.52084123069 
1313.07881041951 
1381.07025694523 
1428.24083347045 
1443.99305154365 
1385.90385055323 
1366.57609748233 
1471.43528265101 
1406.61546809547 
1474.21294363533 
1375.89566324022 
1406.53270108163 
