10.1468188231003 
9.34416980373311 
9.11858300095927 
9.37701905363052 
9.83222005793014 
8.85090031042206 
10.6077270755257 
9.21647590129171 
9.1003477967127 
8.88821618215042 
9.06328178576316 
9.68751733904978 
8.98868715192714 
9.58460228607819 
8.61359431272091 
8.98374382947377 
8.92145958955597 
9.56254829483054 
9.96826961426861 
10.1329174738543 
8.90192867789667 
9.2244733070791 
9.65757467107522 
9.84581687786259 
9.22603028644508 
8.52321061030376 
10.1856021663918 
8.80417706044411 
10.1320453015823 
10.1942878891953 
