867.709508969792 
804.641044427016 
835.165519129609 
817.645397640875 
788.799437978869 
785.694019619755 
784.995466022982 
839.873306876582 
799.860421707868 
795.933954571504 
827.531089773407 
831.318508326527 
768.048092269991 
778.509842818819 
788.10419506265 
816.476727405516 
833.473761366808 
855.476544324881 
853.407368978989 
821.710913360483 
814.715445351093 
842.958861152375 
807.425326772447 
834.874179240907 
830.447799340976 
901.92870317001 
808.603929049467 
785.905903175174 
826.273031163105 
883.614018348454 
