10.5067013883855 
9.69119175131273 
9.29649666250573 
9.75712270416649 
10.1079455461852 
9.12319829147982 
10.6851255194498 
9.60897706514773 
9.51512744262171 
9.19932575917118 
9.23789421131905 
9.93661620554087 
9.34198706879028 
9.89173711664306 
8.84132461881559 
9.30321368723532 
9.11792313101396 
9.86720270028351 
10.329679873284 
10.5716493490609 
9.2044302815991 
9.61169940665712 
9.99763855174473 
10.0620553212989 
9.55105624207633 
8.95715666177725 
10.303725522438 
9.17171815970021 
10.4057901581678 
10.5169530182889 
