379.006709756278 
374.140009342741 
389.445285541232 
380.188622713851 
371.190192969637 
363.631909266164 
376.669369285558 
401.698114269464 
376.440932327372 
372.464804982707 
377.510282146129 
395.265461954156 
380.903729713391 
366.300317792226 
367.521958916441 
368.511852401915 
392.375237831014 
402.906512671464 
375.669543758424 
384.658041460977 
366.114919681234 
380.592525741369 
388.405731847456 
380.476651921999 
383.489371225617 
375.904602077717 
395.391267815186 
362.992947919353 
381.930040684953 
384.081983044681 
413.854933261646 
386.621275029159 
375.831767105542 
382.866963281573 
399.380637882065 
404.300309184457 
375.808592341668 
379.437098228223 
363.168413988685 
359.109519630184 
399.572657354164 
364.207967682461 
366.604900403142 
369.945377081549 
406.230435947105 
393.381684719256 
377.698990937674 
364.380123071239 
367.310075361021 
372.213193260646 
366.114919681234 
376.169456521991 
397.000258564151 
387.011935334463 
378.940496145209 
372.68993126034 
373.722863593009 
375.566912661267 
397.947113202431 
392.014373650691 
367.571619124742 
359.599500352091 
388.299790069746 
355.53067395193 
379.877418741829 
375.937708883251 
385.002352238533 
375.199427119837 
372.855465288011 
360.701956976382 
367.27034719438 
389.157256333084 
396.036850523104 
355.133392285518 
387.290032500951 
375.166320314303 
391.905121192428 
385.293692127235 
360.460277295982 
389.85912061041 
380.665360713544 
395.500520273449 
364.224521085228 
382.254487379189 
356.484149951316 
385.71414855752 
365.605074876007 
367.435881222052 
387.26023637597 
355.348586521491 
399.930210853934 
357.186014228643 
353.024488772986 
395.368093051312 
369.654037192847 
382.350497115239 
367.01873547232 
368.09139597163 
391.140353984586 
397.758404410886 
