961.408389992872 
1009.40001529534 
1009.81385036452 
1000.26915832899 
1036.38537248632 
992.859855250425 
963.891400407942 
1011.82674414101 
961.189885076346 
980.179948730801 
981.219502424577 
993.800088527598 
952.479484540281 
967.298090697418 
969.804275876362 
980.547434272231 
1033.82290573797 
1012.05849177975 
975.558238678217 
1020.55038739929 
975.276830831176 
1004.40419834022 
998.00465283045 
1007.49968465768 
1001.89470248073 
1004.59621781232 
1008.32404411548 
987.446892545572 
989.982873849497 
1022.85462106447 
