10.1468186010089 
9.34416958864571 
9.11858311391133 
9.3770197928517 
9.83222018215073 
8.85090046724573 
10.6077275650655 
9.21647599203785 
9.10034770924315 
8.8882164322523 
9.06328221138071 
9.68751746984595 
8.98868780399793 
9.58460239154476 
8.61359410301371 
8.98374375370526 
8.92145949181558 
9.56254858914756 
9.96826958734957 
10.1329178138402 
8.90192847359737 
9.22447374394676 
9.6575747738189 
9.84581685425017 
9.22603033615935 
8.52321094343385 
10.1856022034285 
8.80417715941328 
10.1320458159491 
10.1942880718652 
9.77887950867525 
9.53643691712236 
9.79794607885297 
9.06270816461036 
9.47931515908065 
9.7028476722701 
9.04031558061289 
9.3875535933538 
8.98787155675616 
10.6234856919391 
9.17627439486055 
8.81477728560309 
9.06764586485234 
9.4312439049459 
9.00340841511098 
8.88092007409992 
10.1539863586463 
9.11558310055712 
9.63241237805864 
8.77000207251643 
8.98903601570927 
9.56780916482899 
10.5871488809965 
9.08765188993286 
8.89047775488586 
9.91207970300452 
9.5736704072635 
9.11726846664137 
8.97835202056852 
9.50400014792262 
9.96660199439166 
8.89653930359141 
9.12722739227261 
9.15854680151255 
9.18847719243526 
9.26500263018816 
9.80805979076717 
9.50913615065802 
9.23820499574568 
9.88416353296873 
8.42888836168311 
9.52400009719012 
9.17119282028995 
9.86004611749422 
9.29054487644257 
9.19548458664172 
9.3762854702866 
9.31863062202228 
9.52931943160074 
8.51801456870756 
9.38331946357604 
9.63236421721582 
8.96306232589319 
8.89338620110872 
9.15696403297295 
9.24449637618821 
9.82458137836283 
9.59144338274072 
10.0543105854118 
8.74546490359082 
9.82973740748354 
9.25303010371695 
8.93076593880128 
9.82028655525983 
10.1637386955244 
10.3221528233484 
9.13811273447056 
9.43278701964284 
9.59967737143406 
9.26687573578495 
