10.1468186010089 
9.34416958864571 
9.11858311391133 
9.3770197928517 
9.83222018215072 
8.85090046724573 
10.6077275650655 
9.21647599203785 
9.10034770924315 
8.8882164322523 
9.06328221138071 
9.68751746984595 
8.98868780399793 
9.58460239154476 
8.61359410301371 
8.98374375370526 
8.92145949181558 
9.56254858914756 
9.96826958734958 
10.1329178138402 
8.90192847359737 
9.22447374394677 
9.65757477381889 
9.84581685425017 
9.22603033615935 
8.52321094343385 
10.1856022034285 
8.80417715941329 
10.1320458159491 
10.1942880718652 
