1233.21195274864 
1225.54772726746 
1218.46618156368 
1217.50277352263 
1248.51722894713 
1203.88925508694 
1208.78575162546 
1229.81519450083 
1195.70856343943 
1205.06123600286 
1163.08180658541 
1205.89552750232 
1199.91312774228 
1200.02238020054 
1234.18529283135 
1155.51359084027 
1223.21038679674 
1231.73869990237 
1221.90597865869 
1247.57368498941 
1218.98595841057 
1203.98526482299 
1232.1558456521 
1174.66256716129 
1265.16995213087 
1251.33792877865 
1198.98613718732 
1152.21946368961 
1196.47001996671 
1242.61097483982 
1258.70750369058 
1407.43651687272 
1261.21368886953 
1297.92582552647 
1297.38618459626 
1145.48222876339 
1199.10532168724 
1245.64024754621 
1109.83613124465 
1166.93212806904 
1254.8604928875 
1161.88002954451 
1188.01785251382 
1247.29889850347 
1187.6636096946 
1169.73958517835 
1160.39022329547 
1188.32574580528 
1207.8587610705 
1135.12973067283 
1234.8639823448 
1225.80264967007 
1235.06593385856 
1201.59164278287 
1232.74514679061 
1235.5393611777 
1184.29002621066 
1217.10880253678 
1168.64706059572 
1209.00094586143 
1179.42332579712 
1156.34126097863 
1229.73573816754 
1198.85039928463 
1228.41146594617 
1185.43552168214 
1193.70229102405 
1267.15636046293 
1225.27625146208 
1187.93508549998 
1147.5712681926 
1187.33916300036 
1146.87933595694 
1206.0743042522 
1229.61655366762 
1234.59581721998 
1195.65228187002 
1244.20341218602 
1189.28253248523 
1180.84691843509 
1226.46478578076 
1231.58309791636 
1232.08632136048 
1158.8242713937 
1131.69655493892 
1151.42490035679 
1178.02621860357 
1214.65558824669 
1184.76676421035 
1173.59321734254 
1173.37802310656 
1157.44040692237 
1185.0051332102 
1270.72196341897 
1179.57561710258 
1184.87270598806 
1234.64547742828 
1183.57822989167 
1151.61360914834 
1256.7442701224 
