8.69461555991767 
8.15058292509827 
8.99844444428595 
8.53663684395215 
8.32437559441234 
8.06903043544046 
9.1108006333512 
8.51413345144328 
7.36460775045294 
8.35335018755621 
8.36473746666668 
8.86163407798103 
7.99827515611217 
8.13743780845028 
8.39770569081716 
8.73227150950949 
7.65488003339498 
8.64753366245095 
9.25568349531585 
9.47144847454885 
8.43486427988211 
8.86269566738352 
8.1547393380179 
8.52149258800251 
8.57534003718145 
8.63952366765914 
8.84875259452824 
8.48432009289087 
8.36445386494881 
9.33704582721378 
7.97667681876125 
8.32428885161712 
8.33521430663875 
8.35876694273027 
9.18810799723169 
8.59950349843332 
9.19298566052206 
8.1551702943169 
8.11368593709327 
9.60665968620623 
8.20770693013768 
8.64631967323544 
8.16631001210548 
8.49929682684818 
8.05469525603649 
9.2256795369007 
9.21204923607941 
8.64372702994947 
7.99704105465699 
7.59901085299994 
8.54656702398903 
9.26086037147549 
9.19793224644426 
7.58918080063768 
8.46352809040265 
8.54997579766756 
8.11314984887517 
7.98783709218029 
7.95975515584817 
8.95459278622853 
8.25877798066021 
7.67522439321369 
8.04272736201744 
8.08266765949758 
8.45383433261918 
8.71075943816682 
8.92058287282979 
8.11736293634245 
8.69826779641164 
8.93107108598774 
8.73570782165151 
9.10131250396606 
7.99024012034153 
8.73873338880135 
9.06575194666441 
7.44787686978926 
8.02010971763174 
7.9792465624524 
8.96256523398777 
8.46899609892223 
8.58402186901385 
8.94446448350051 
8.24061082590092 
8.18404388898654 
7.56192993846306 
8.70471415698491 
8.8046325550714 
8.7582245436361 
9.05194257183874 
8.23877148521321 
8.79018334507614 
8.48739196168975 
8.26039568489822 
8.03432698129105 
8.45444558018472 
9.43718038908489 
8.46105542778213 
9.13455819473897 
8.95573548801474 
8.41477093704688 
