543.388620595015 
556.515468989352 
555.979138739697 
553.913274074359 
506.16663913284 
515.496136932396 
511.609397962673 
541.451872471261 
507.206192826616 
536.177958349652 
538.786774625752 
527.709237493987 
527.70261613288 
521.031594817725 
544.888358885718 
531.854209546877 
542.799319456505 
551.221690784423 
536.591793418831 
560.544567222872 
537.326764501691 
560.829285750467 
528.391237687993 
543.252882692325 
534.933142461564 
556.740595266985 
549.337913549523 
538.82319211184 
535.548929044501 
574.098493408601 
