1270.72196341897 
1086.08861963492 
1147.63417112312 
1100.91715783372 
1108.75022802312 
1174.66587784185 
1170.74272138604 
1182.2539576703 
1150.10393881597 
1159.23810646288 
1186.76641526462 
1146.6972485265 
1181.66465653179 
1137.0366826716 
1121.47648407049 
1063.96334149637 
1078.50053980646 
1087.76713467551 
1112.65020971506 
1200.31040940869 
1191.50399913657 
1100.10604109813 
1117.69899755904 
1064.95985634295 
1236.52594398262 
1147.49512253987 
1019.61346480267 
1087.60822200894 
1131.32906939749 
1166.73348723584 
1126.82654384483 
1092.38222336698 
1275.99256686002 
1167.50487580479 
1073.17034411545 
1004.56311100679 
1129.5446125792 
1201.96906036596 
1006.89051943585 
1123.38343606927 
1211.98055835952 
1114.54722967217 
1166.37924441662 
1174.26197481433 
1239.74392548055 
1115.93109414351 
1166.97185623568 
1106.54200409399 
1155.85790161783 
1013.32648243171 
1137.4273429769 
1107.06840230198 
1154.31181379938 
1080.65248216619 
1127.16754394184 
1100.68541019498 
1141.82723743241 
1110.3724614943 
1115.79866692137 
1209.31877119456 
1080.42404520801 
1097.74883654409 
1175.66239268843 
1169.26284717865 
1162.29717529425 
1138.15569269866 
981.32875488284 
1207.25290652922 
1098.1461182105 
1130.6603119257 
1220.62474528452 
1124.43954316581 
972.823616541087 
1247.73590833653 
1093.62372857452 
1122.48955231984 
1109.981801189 
1205.37575065543 
1187.52456111136 
1089.6442905493 
1078.79187969517 
1243.68363533913 
1181.44946229582 
1163.96244761262 
1081.46359890178 
1110.36915081375 
1083.64202670594 
1093.19996146368 
1177.44353882617 
1150.04103588546 
1131.87202100825 
1151.73279364826 
1119.06299794705 
1152.51080357832 
1184.78000693257 
1124.89310640163 
1151.15342455141 
1190.46775612335 
981.841910368621 
1160.10550476788 
