9.04539379189142 
9.39803237522132 
8.6054719723067 
9.85950380052939 
9.78621564695798 
8.62123232251153 
8.90319714692735 
9.4715798604185 
8.56833578737749 
9.57223658574265 
10.0425689257095 
10.1806134871575 
9.80040714358077 
9.89615533548543 
8.77568247462066 
9.3107774457015 
9.22542137991991 
9.57666352854582 
8.77686752881134 
9.40392768402608 
8.57465508183776 
9.36138889651956 
9.30620252575163 
9.43480283562994 
9.64263542347777 
10.6593738275458 
8.76652135363588 
9.58361107808965 
9.53384103055229 
8.88470556529573 
9.94345613710571 
9.16006754873222 
9.86473488641623 
8.87868630637956 
9.89758632565118 
8.5796323740076 
9.49210226224885 
9.53420489457068 
9.12913669012881 
8.51305930599866 
9.22565455972251 
9.59388380902384 
9.45786807347324 
8.86315192187779 
9.83874591468675 
9.99838455253945 
8.99469825808292 
8.95753790396804 
8.74243035067801 
9.21218810013497 
10.1443783530268 
9.18407354312996 
9.50669858057839 
9.23095335730341 
9.88038554569595 
9.6926772094346 
9.44935939655687 
9.28801366981842 
8.98238183990549 
9.20474272844524 
9.96404577084301 
9.24209792147611 
8.78142980452014 
9.88110854288054 
9.97886191113967 
10.0347064958916 
9.35191506587755 
10.0172584246179 
8.07599617044187 
9.60131663669028 
9.35833792640567 
10.0777649855597 
8.90976112875558 
8.67170182269265 
9.90142388793798 
9.55790233879115 
9.08711641983761 
8.94064795565122 
9.06119333930545 
9.12633100268702 
9.37932104903602 
10.0661624571224 
9.79130553425128 
9.06165597761102 
9.51549898743898 
9.92938397415099 
9.59929087301442 
9.21117566751653 
8.69546788131179 
8.84592638507851 
9.1309169435244 
9.44134786768864 
9.53963440593878 
9.27018664467856 
9.06882608983417 
10.0750037426212 
8.65078990794317 
9.28924675282808 
9.5554547509913 
9.75850898028069 
