836.585801087029 
797.317819042836 
802.611597247765 
814.523425878994 
798.522906764283 
823.396049762177 
802.79037399765 
805.763365134627 
839.919656404329 
808.673453341089 
797.926984264666 
780.049309276163 
824.405807330972 
830.222673063343 
803.561762566599 
795.523430182879 
780.208221942727 
778.953474012979 
791.875060213003 
788.82923410385 
793.345002378724 
797.645576417625 
799.771033332925 
777.500085250024 
829.835323438592 
846.120561080897 
817.926805487917 
803.63128685822 
814.887600739871 
824.56803067809 
