11.9088582981651 
11.0027198080735 
10.6564149235113 
11.0987324831795 
11.5232323988075 
10.3207554797349 
12.4600033810288 
10.9225086288566 
10.6635500382493 
10.4425463712789 
10.6282108321509 
11.4244124857722 
10.6108491609107 
11.291088453519 
10.1479600947884 
10.4781481665938 
10.5184265808884 
11.3003213282629 
11.6832968517474 
11.8466721025009 
10.5778737934252 
10.8999434878896 
11.4210872331621 
11.6532734198681 
10.6761959215959 
10.0712604334599 
11.8188548995369 
10.3517015966285 
11.9253253701111 
12.0078074583827 
