10.7370321780737 
10.0916196233195 
11.0090707329431 
10.585111969314 
10.4074857567635 
9.93610908795059 
11.0759490089043 
10.6172978028566 
9.23062519060045 
10.307523250656 
10.3258012082732 
10.8249344640293 
9.7835864015595 
9.99522808764119 
10.5961405562021 
10.8431439016575 
9.50993588548508 
10.7989729518353 
11.4631796261349 
11.6223415102909 
10.5084463262598 
11.0803555108162 
10.135331827182 
10.4373297670383 
10.6445803198779 
10.957617427905 
10.7555251727768 
10.4952740298513 
10.414977878868 
11.3886284359692 
10.0163132104389 
10.4670722454066 
10.3465987421423 
10.4475274914858 
11.5847048188782 
10.5809472224336 
11.3755734000369 
10.1807522250014 
9.94051750663926 
11.8488280455651 
10.1670126905511 
10.6162449284465 
9.96036063871298 
10.4591879543637 
10.0993500904747 
11.2917667484764 
11.2937194006775 
10.6871419405599 
9.74154978707973 
9.39469961972488 
10.5572827200435 
11.3077887515273 
11.2590004514744 
9.47349184666874 
10.4935171014767 
10.6485094084373 
9.90622320388388 
10.0059471425886 
9.88382126936628 
10.9974708600602 
10.3569469355608 
9.46023971899271 
10.1246621410234 
10.2645828982129 
10.3110789478087 
10.7400861961536 
10.8834349053407 
10.0898312840461 
10.6181899995202 
10.9695403254884 
10.9235074993742 
11.2956222530752 
9.92322814823315 
10.7576969474196 
11.2137876720191 
9.37065997515538 
9.93834890792674 
10.0034509048576 
11.0246869251428 
10.5428179916404 
10.5246880478338 
11.137327840858 
10.0356771640241 
10.1253275744841 
9.20240558872386 
10.6746558736185 
10.7883017256071 
10.8399615189348 
11.2921961969236 
10.1547682311639 
10.7004407957839 
10.3407698308221 
10.1263938797644 
10.0758763304798 
10.6169933117427 
11.7287558375819 
10.5103167923574 
11.2875353525288 
11.0279928115741 
10.4119108871205 
