411.14348588839 
405.551746433652 
409.362339750646 
412.375059054264 
395.146277454232 
411.206388818905 
415.384467677329 
402.277483366313 
409.282883417364 
402.383425144023 
410.213184652877 
424.002169157899 
419.562546535754 
398.430472563231 
400.383774089753 
394.980743426561 
391.229742359529 
412.9411854289 
404.965755975696 
398.351016229949 
400.642007172921 
417.721808148048 
414.666049997236 
390.597402373824 
418.863992938981 
416.218759176793 
428.037888752526 
422.221023020155 
422.065421034144 
404.694280170315 
