1011.59830718282 
1016.82256109613 
1027.79415645018 
1016.17366770766 
1007.80757794915 
996.879021442285 
1009.74763675345 
1003.05012999387 
1000.37178942615 
999.163391024149 
1006.83092718589 
1033.62095422421 
1007.98966537958 
987.374057573397 
970.281013876055 
1004.04664484045 
1009.67480178128 
983.639609909132 
973.601626471142 
1014.4785992643 
991.644835487317 
999.587158134988 
1000.34861466228 
1001.05710030071 
1028.11529246386 
1014.36272544493 
1025.24162174349 
1005.90724731148 
1025.21844697962 
1007.24476225506 
