9.04539379189142 
9.39803237522132 
8.6054718777151 
9.85950380052939 
9.78621562786778 
8.62123225838102 
8.90319714692735 
9.4715798604185 
8.56833578737748 
9.57223653337982 
10.0425689257095 
10.1806134871575 
9.80040714358077 
9.89615533548543 
8.77568243989982 
9.3107774457015 
9.22542137352328 
9.57666352854582 
8.77686744341854 
9.40392768402609 
8.57465500261315 
9.36138889651957 
9.30620252575163 
9.43480260620886 
9.64263542347776 
10.659373732546 
8.76652124861657 
9.58361094814647 
9.53384103055229 
8.88470540539589 
9.94345613710571 
9.16006754873222 
9.8647348812994 
8.87868627165873 
9.89758622994063 
8.5796323740076 
9.49210226224885 
9.53420484717091 
9.12913669012881 
8.51305928457048 
9.22565455972251 
9.59388380340231 
9.45786807347324 
8.86315185742596 
9.83874591468675 
9.998384523556 
8.99469807930931 
8.95753790396804 
8.74243027192071 
9.21218801190663 
10.14437828137 
9.18407354312996 
9.50669848489931 
9.23095335730341 
9.88038539729378 
9.6926771408585 
9.4493593734413 
9.28801363015798 
8.98238183958648 
9.20474268148223 
9.96404577084301 
9.24209785533001 
8.78142980452014 
9.88110854288053 
9.97886191113967 
10.0347064958916 
9.35191500358408 
10.017258341135 
8.07599596310359 
9.60131656503351 
9.35833784855542 
10.0777649855597 
8.90976112875558 
8.67170175103588 
9.90142379821591 
9.55790233879115 
9.08711641983761 
8.94064795565122 
9.06119318698955 
9.12633100268702 
9.37932104903602 
10.0661624571224 
9.79130553425128 
9.06165597761101 
9.51549898743898 
9.92938397415099 
9.59929087301442 
9.21117564757122 
8.69546788131179 
8.84592638472732 
9.13091693651131 
9.44134785011117 
9.53963440593877 
9.27018658378108 
9.06882598881223 
10.0750036881182 
8.65078970939813 
9.28924670681379 
9.5554547509913 
9.75850898028069 
