1239.76710024443 
1141.11875179397 
1160.29752423998 
1133.12345825745 
1111.82585025726 
1156.07640653436 
1195.54634009231 
1193.37122296871 
1134.55698293708 
1237.79393463459 
1175.04660610549 
1087.56518316175 
1172.10010041294 
1161.78733048902 
1159.75126194866 
1102.75458554087 
1128.28986464945 
1221.88942525592 
1188.27277491643 
1137.25187690757 
1178.35397597836 
1157.59931958893 
1113.70300613105 
1095.52736989274 
1214.93699609373 
1208.29908158411 
1074.36881047579 
1122.51934844482 
1151.29909449576 
1210.72249974922 
1171.66640126044 
1199.47611790923 
1249.5998214881 
1218.88332731341 
1112.58730678454 
1090.20379556283 
1201.96906036596 
1284.24278279916 
1083.9432986363 
1098.10970072441 
1228.31876689068 
1200.20446763098 
1184.53501657161 
1202.65437124052 
1145.45905399952 
1164.66431188995 
1111.24979184096 
1115.05045311629 
1219.78383242394 
1117.73210436457 
1227.64669873833 
1180.2708600188 
1136.97709042164 
1164.52857398725 
1170.33881835852 
1176.07622775761 
1092.76295163063 
1203.18739080962 
1141.69149952972 
1155.95060067333 
1087.06195971763 
1197.17188424404 
1255.75437663692 
1212.27851960933 
1185.37261875163 
1152.70944441152 
1083.95654135851 
1238.60505137017 
1188.83227992996 
1199.00269059009 
1143.14488829267 
1129.2102338433 
1073.11406254604 
1164.95234109809 
1245.41181058802 
1140.16196511403 
1110.45853918869 
1183.46566675285 
1244.34246076926 
1094.9115833098 
1132.91488538258 
1219.53553138244 
1248.55033575267 
1094.79902017098 
1083.1255605396 
1083.28116252561 
1174.69567396683 
1135.04696365899 
1129.13408819057 
1062.24840896969 
1174.90755752225 
1119.26494946081 
1138.03650819873 
1178.65524790873 
1175.89082964661 
1113.91157900592 
1220.08841503486 
1139.92028543363 
1063.43694328837 
1210.11002384683 
