553.171681630391 
536.710977918754 
557.826498488509 
578.882426808302 
525.501013564851 
552.496302797492 
576.283542573862 
535.631696058337 
545.272397829915 
578.190494572636 
575.13142574127 
557.87615869681 
529.778412839879 
544.87180548295 
523.640411093826 
543.193290442363 
549.275010619008 
574.734144074858 
537.757152973637 
534.489511267405 
527.550324827423 
563.507626318189 
531.420510394378 
542.024620207004 
549.910661285266 
546.563563245752 
509.9441256443 
546.537077801324 
567.791646954323 
528.288606590837 
535.893239822058 
545.487592065888 
546.500660315236 
530.625947061556 
520.419118915342 
565.454306483604 
557.372935252689 
572.07897827101 
537.51878397379 
542.302717373491 
557.660964460837 
560.445246806269 
548.546660897254 
548.374505508476 
529.059995159785 
554.18474987974 
548.023573369813 
525.448042675997 
563.891665262386 
526.97757709168 
562.557460999355 
542.120629943053 
538.670900806382 
564.980879164464 
531.7317143664 
530.304811047873 
532.979840935042 
538.81326007018 
557.783459641314 
546.000747551669 
539.965376902772 
533.933316934429 
536.164715627439 
560.150596237014 
538.028628779018 
566.874588441024 
533.797579031738 
546.517213718004 
533.532724587464 
557.243818711106 
528.844800923812 
550.149030285113 
517.346807361762 
566.957355454859 
553.254448644227 
546.28215539871 
522.528022427874 
543.127076831295 
561.19014993079 
536.346803057877 
540.312998360882 
546.242427232069 
533.145374962714 
549.960321493567 
544.527494705394 
546.517213718004 
534.141889809295 
521.571235747934 
525.722829161931 
512.602602128701 
541.554503568417 
520.501885929177 
570.609036105289 
547.950738397637 
576.343134823824 
534.085608239887 
566.593180593982 
563.633432179219 
566.775268024421 
556.935925419637 
