1686.76525652643 
1528.44851246157 
1441.43720615641 
1474.47779807961 
1491.29274461046 
1456.96098727143 
1550.66980033617 
1515.40443108107 
1507.83621533593 
1437.77890414487 
1485.51229636418 
1436.07721434041 
1524.10821025602 
1581.91931407996 
1473.78917652449 
1418.26575296298 
1437.8550497976 
1391.71409492449 
1527.14410432352 
1476.13644903687 
1422.91394845999 
1482.25127601905 
1593.29150178098 
1551.01742179428 
1503.51908789426 
1476.92770168914 
1560.56542451036 
1451.60099545543 
1521.26102498008 
1529.81582353013 
