8.45352225466838 
7.91727459928102 
8.73975065020613 
8.28814205206733 
8.07829850842896 
7.83919547574523 
8.85374787928407 
8.28657931906445 
7.15142815668935 
8.12553320680269 
8.12846623839197 
8.63768025395676 
7.7820107222736 
7.91699226937564 
8.15714731997214 
8.46764035568776 
7.43329576990377 
8.39613238648615 
9.00853779524437 
9.21370761430198 
8.17161102304547 
8.61451280044347 
7.92568872880135 
8.29578771962949 
8.33493644743017 
8.37012479659565 
8.59905535550837 
8.25080332803213 
8.12561988787306 
9.06089772188663 
7.75428238710664 
8.0659215632054 
8.10123256976379 
8.09295717996411 
8.89513180258226 
8.37280744780364 
8.92005317844998 
7.91464829853741 
7.87581335634389 
9.34826503322228 
7.96680808259987 
8.4055007948242 
7.94253732295132 
8.25129844586666 
7.81135509774721 
8.97957133089845 
8.95525947757972 
8.40417294914629 
7.78183768414774 
7.38797597200308 
8.31462343631976 
9.00753723983605 
8.94376329381728 
7.36643129307872 
8.23423732581085 
8.27933708228457 
7.89764055119911 
7.76210974806037 
7.73982240520652 
8.71478504316511 
8.01777549511463 
7.44188712408563 
7.79735735608049 
7.81203781994589 
8.20315980442542 
8.4671676889763 
8.68890381697609 
7.86937057678073 
8.45727146471514 
8.66701850999186 
8.4802837746197 
8.83625200883878 
7.76158349954055 
8.51533546699894 
8.79616282062104 
7.22397411143552 
7.80045010914329 
7.75459322086756 
8.72075870430111 
8.21722175654608 
8.3626606818465 
8.70772364677496 
8.01807450852024 
7.95990903744939 
7.35777039769258 
8.46394912140761 
8.5634160465341 
8.51565967385313 
8.78029321751043 
8.01822445702915 
8.53337055102219 
8.24765890749639 
8.0232344662995 
7.79999677625603 
8.20720777421548 
9.15059645334361 
8.22119853905158 
8.86563868421624 
8.71850309777367 
8.17662665236609 
