9.39267978317298 
8.64577031210079 
8.44137402664514 
8.67376088454374 
9.1141108305394 
8.21598946445702 
9.73469177390257 
8.50390059313176 
8.47507504237382 
8.2626056320743 
8.36805734453987 
8.88894751919798 
8.27483418854036 
8.88140344323703 
7.95613012475734 
8.33694841713315 
8.18525618676059 
8.80767371440379 
9.2023725088621 
9.37366514834445 
8.19019030759283 
8.55207213756603 
8.93576208900626 
9.09541696612069 
8.56886377119089 
7.90845425687218 
9.40802396506851 
8.15930217630507 
9.36724396828721 
9.39477839359847 
