830.666304257502 
785.995291550117 
798.599052417012 
790.358768519533 
786.872621896775 
785.687398258648 
794.546779419618 
810.83863842303 
790.170059727988 
825.998244677171 
811.89143483902 
765.121450660762 
740.67538545426 
791.073875519073 
782.419756552416 
780.247950109368 
812.434386449782 
791.140089130142 
804.475510399344 
792.090254448975 
798.463314514322 
784.551834828823 
780.608814289692 
794.775216377804 
783.15803831583 
861.611235390381 
770.044432643708 
769.521345116266 
807.468365619642 
793.719109281261 
857.68807893457 
835.480033782184 
843.044938846764 
786.438922744276 
801.135033720937 
768.845966283367 
782.966018843732 
813.834804323881 
799.71806244407 
825.415564899767 
793.152982906625 
764.538770883359 
811.696104686368 
823.912515928512 
814.583018128956 
762.747692703955 
814.046687879301 
781.684785469555 
775.414356501366 
776.344657736878 
785.124582564566 
831.983955117766 
794.536847377958 
816.115863225192 
756.354768555289 
840.555307070587 
770.398675462924 
848.855183218028 
829.30230386949 
777.95033780529 
788.001563965493 
778.609163235422 
753.355291973884 
801.323742512482 
770.511238601741 
809.590511854388 
755.745603333458 
826.504778801845 
770.9548697959 
777.662308597142 
768.286461269838 
780.324095762097 
759.086080011866 
783.406339357337 
808.09408424424 
810.868434548011 
833.530042936216 
805.879238953997 
816.787931377538 
809.693142951545 
756.503749180193 
784.866349481398 
781.578843691846 
785.104718481245 
798.757965083576 
803.86303449696 
837.539277086416 
826.93516727379 
801.813723234389 
759.6025461782 
808.564200882826 
776.38438590352 
832.530217409081 
806.011666176134 
792.663002184718 
754.03729216789 
795.851187557668 
794.526915336297 
780.499561831429 
838.628490988493 
