392.967849650078 
399.542861229183 
382.065778587644 
378.801447561965 
357.205878311963 
375.398067953043 
407.309717807522 
396.483792397817 
377.265291785175 
365.194550487382 
404.753872420276 
369.908959595461 
388.885780527703 
399.844133159545 
365.456094251103 
386.492158487575 
391.832286220252 
377.960534701395 
368.621104860178 
390.219984790734 
373.368620773792 
393.411480844237 
365.317045667859 
367.876201735657 
375.272262092012 
369.551406095691 
414.411127594622 
391.865393025787 
371.796047510914 
387.114566431619 
