7.79428944342078 
9.04790214872651 
9.30027728078989 
8.69156105002375 
8.7228380411481 
8.77908963231438 
9.21717954499963 
8.90701978323636 
7.92555441647715 
8.98130775532854 
8.97875342054629 
8.30379108525065 
9.26464264988786 
8.39998046519228 
9.10558134464279 
9.24647959458205 
9.51259382596567 
8.00925761916414 
8.69975582261948 
8.67249767344041 
9.32335284981954 
8.52640575157975 
8.38511957393633 
8.58321682092114 
9.19647120939547 
8.45010966922607 
8.05924218753778 
8.10661864309782 
8.94616797528747 
9.72304385479815 
