1314.34017971036 
1223.37592082441 
1239.63798370284 
1216.05269544023 
1250.0268992795 
1266.76570015762 
1244.98473279663 
1323.85838630146 
1223.00181392188 
1222.40589142226 
1173.57004257866 
1184.29333689121 
1265.68310761665 
1255.78417276191 
1240.1312751053 
1182.32017128137 
1217.94309403624 
1241.00198409086 
1223.90231903241 
1204.39909989217 
1298.80977723424 
1218.01261832786 
1261.1872034251 
1162.95931140493 
1298.02514594308 
1252.82442434714 
1250.26526827934 
1235.86711855249 
1178.71152947813 
1263.8953401178 
