7.96456824716756 
8.3923605005945 
7.54852440206311 
8.65451085616561 
8.66608205573497 
7.6183513427119 
7.81302840999463 
8.42278963094768 
7.58012422927175 
8.51021073205018 
8.81108608170077 
9.04248508209455 
8.63143416048607 
8.76281035712046 
7.7314458879054 
8.23264255092688 
8.11611204932989 
8.52673609885866 
7.76420808921237 
8.30075370670479 
7.50776381796925 
8.31624911591333 
8.20167250698183 
8.37814379282912 
8.4833763429822 
9.44279358562427 
7.64940157215513 
8.50857024722786 
8.49763783617235 
7.80887743045229 
8.81150868802043 
8.04802635638602 
8.701219777849 
7.79797852672736 
8.74447850652904 
7.59957323701648 
8.40500459741106 
8.48301283959487 
8.0878271553862 
7.47819813969215 
8.2597384931026 
8.37997680278107 
8.44868988735305 
7.78296676990869 
8.73973383336403 
8.85637284905016 
7.92635492823141 
7.85956375219937 
7.68173482724268 
7.9912580119054 
8.97151242382914 
8.14305758317596 
8.38957199504297 
8.1531616707184 
8.75271630987335 
8.59956905479516 
8.33373077239171 
8.18579778595811 
7.95427443766414 
8.13431531971298 
8.79680459866801 
8.23363457870887 
7.67861671565527 
8.6672839892283 
8.83870435872509 
8.8771761600704 
8.26722409570682 
8.91145875245951 
7.13565768456393 
8.44121767677962 
8.22429973918715 
8.88331842717017 
7.92683829722641 
7.6515251572832 
8.66392810070551 
8.44560170137099 
8.00283650165226 
7.95142526568349 
7.894151103201 
8.08625109871346 
8.29258844789165 
8.95540532042096 
8.61175191548536 
8.01313387502353 
8.44852937637735 
8.82858078040347 
8.48775342168589 
8.12375368766356 
7.70352106038318 
7.75479507917398 
8.03721938047601 
8.36709284071364 
8.44201218257154 
8.25248730010416 
8.04075262199478 
8.9136655793837 
7.60177970943259 
8.25861322658591 
8.52747207309563 
8.63108379262014 
