9.79277410018283 
9.00809939124224 
8.81483377186978 
9.03868445577791 
9.4876236081856 
8.55755128488392 
10.2186702057493 
8.8849790392042 
8.79000704457549 
8.57874915177485 
8.74750213610858 
9.31540091746588 
8.66124551579971 
9.24009132930618 
8.29737910521474 
8.68418146175811 
8.60124234758999 
9.22580693162393 
9.59447311980174 
9.77391280194361 
8.56284135580111 
8.88221490003056 
9.33315064251503 
9.49753262121992 
8.93284650984448 
8.22109198944746 
9.85252632221749 
8.4893718116145 
9.77149503875821 
9.80094537585774 
