965.530187281888 
974.10153923471 
1009.52251047582 
981.507531632725 
972.906383554923 
971.472858875289 
975.948898983522 
1001.75565389748 
949.85080418086 
1005.16565486751 
972.154859069295 
950.079241139046 
984.003784770009 
950.049445014065 
964.328410240994 
983.523736089762 
984.563289783538 
968.231702613484 
998.444973344055 
986.334503879621 
967.668886919402 
953.697814983942 
1009.81053968397 
970.115479848384 
982.752347520813 
962.590302950445 
963.143186602868 
988.334154933891 
980.520948827804 
962.613477714319 
1006.93355828304 
975.737015428103 
990.959524612758 
946.692414932891 
1000.19632335682 
987.60911589269 
965.017031796107 
1010.19457862817 
992.306971598003 
986.119309643648 
984.222289686535 
960.557545090642 
987.907077142499 
957.809680231297 
973.565208985055 
957.799748189637 
976.025044636251 
988.307669489463 
1007.06598550518 
983.007269923427 
948.645716459413 
990.237796252111 
971.131858778286 
979.190055245326 
937.935664869078 
1028.15170994995 
948.705308709374 
1001.06041098126 
975.468850303275 
949.811076014219 
937.230489911198 
976.796433205199 
993.101534930825 
941.789297033266 
974.098228554156 
968.595877474361 
952.015989262801 
981.663133618736 
944.083598656791 
1033.78317757133 
966.06320685099 
949.297920528438 
985.69554253281 
949.317784611758 
970.026091473442 
965.930779628853 
1037.11703288863 
980.040900147557 
984.891047158327 
968.857421238082 
958.554583355818 
960.209923632532 
962.209574686801 
999.746070801552 
946.381210960869 
960.007972118773 
976.091258247319 
990.979388696079 
996.13080763721 
966.076449573204 
1006.78788833869 
957.157476162272 
977.806190773994 
981.759143354785 
964.901157976737 
952.002746540587 
966.831284739385 
990.201378766023 
962.140050395179 
937.412577341636 
