525.037518287372 
531.940287241266 
532.662015601913 
520.47540048475 
542.080901776412 
525.19974163449 
538.508677459265 
541.736590998855 
504.13719195359 
526.067139939487 
534.529239434046 
526.706101286299 
519.558341971451 
516.171515765295 
526.961023688913 
539.432357333671 
547.613048981188 
526.941159605592 
514.665156113486 
524.418421023881 
528.722305743335 
510.708892852141 
522.107565997589 
515.946389487662 
528.815004798831 
524.170119982374 
533.820753795613 
523.901954857546 
532.142238755025 
535.558861086161 
523.107391524724 
511.261776504564 
538.041871501231 
506.216299341141 
544.381824761043 
529.139451493067 
538.078288987319 
518.177788180672 
520.382701429254 
527.937674452173 
520.005283846163 
525.93471271735 
512.000058267978 
527.487421896907 
528.824936840492 
495.502937070253 
557.144498294503 
528.52366491013 
532.953355490615 
518.846545652464 
522.213507775299 
523.67351789936 
516.247661418024 
538.548405625906 
503.077774176493 
546.480796231916 
501.561482483024 
543.269436095092 
523.458323663387 
519.806643012958 
532.681879685234 
532.095889227277 
504.915201883645 
562.795829999202 
513.175349864444 
520.104604262766 
501.107919247204 
525.375207703821 
506.98768791009 
524.02113935747 
535.380084336276 
501.942210746668 
519.498749721489 
505.120464077957 
558.978615321101 
509.136319589264 
540.793047041129 
515.946389487662 
533.079161351645 
519.737118721336 
538.922512528443 
545.010854066194 
501.174132858273 
509.321717700256 
514.645292030166 
517.17134129243 
550.837651840225 
534.466336503531 
559.836081584439 
509.444212880732 
524.739557037563 
524.37869285724 
525.004411481837 
529.397684576235 
520.683973359616 
532.814306907371 
516.668117848309 
510.215601449681 
519.687458513034 
506.1765711745 
