1619.8332277778 
1584.87244113362 
1477.5633523554 
1384.54316084577 
1460.91725053277 
1476.19935196739 
1433.09760184233 
1478.66911966024 
1468.43911675016 
1478.97370227116 
1411.68412002276 
1480.86741154772 
1423.30460876529 
1555.94371445778 
1437.36837975625 
1409.23421641323 
1443.62887668278 
1422.42065705753 
1465.13505755784 
1429.978940761 
1419.4509766011 
1456.56039492446 
1521.13521911905 
1538.89702028818 
1552.86147086253 
1517.59610160743 
1477.84144952189 
1363.78519377579 
1507.64750654439 
1470.77976790143 
