8.11599390785338 
8.5380708017487 
7.69143470890078 
8.82679316462971 
8.81549540480111 
7.75940019360825 
7.96235638445753 
8.56562264217313 
7.72665813114449 
8.66629858307538 
8.98323170363044 
9.20230715052151 
8.79854184341417 
8.92220574819766 
7.87718969176868 
8.37565773780174 
8.26611745552972 
8.6850821049326 
7.90681792141739 
8.45753398829376 
7.66029790362624 
8.46589319103899 
8.350493216669 
8.53038522265058 
8.63337954104834 
9.61622321064526 
7.8014342111027 
8.66086480203998 
8.64638807036204 
7.9597837238806 
8.9671767840601 
8.20393796170666 
8.85725717448195 
7.9446378129477 
8.89962677869207 
7.7435561187414 
8.55826955527001 
8.63266677844965 
8.23646888190615 
7.61765287133154 
8.39821694196802 
8.54821914352529 
8.59221275644518 
7.93128847164484 
8.90538114363208 
9.01363566348562 
8.07328191389617 
8.01625899974317 
7.82261895140932 
8.1574660829223 
9.13723101643499 
8.29471362951009 
8.53793421993928 
8.30978284397725 
8.91040160131922 
8.75791760028235 
8.48650325231773 
8.3432902693948 
8.09899522948998 
8.28773259077501 
8.96111434492075 
8.37495674257441 
7.83184345009016 
8.82670838915294 
9.0067670159632 
9.03460464575729 
8.4180374293829 
9.07132557808776 
7.27308249902558 
8.60608459786197 
8.38244696978332 
9.04522369659059 
8.06847770585843 
7.79376462905989 
8.83324781648481 
8.60371020696745 
8.15551702061507 
8.0926175811753 
8.04921652674825 
8.23371499479993 
8.45171643139926 
9.10922884025675 
8.77380218130668 
8.161775640627 
8.59644028132945 
8.98763673740611 
8.64139356442652 
8.27028146135272 
7.84495083010591 
7.90839622945584 
8.18923892426995 
8.52220867416133 
8.58980216073963 
8.39672882350776 
8.18685291575533 
9.07922565923878 
7.75360942167945 
8.40423466230919 
8.68235319571954 
8.79108002994739 
