858.03570039268 
807.537889911264 
779.380551804371 
802.373228247918 
766.879422034632 
804.68408327421 
789.362253672952 
817.82417439076 
801.687917373359 
815.288193086835 
843.975240082277 
799.989538249451 
800.52917917966 
835.80448047642 
780.727998789615 
827.951546203692 
806.971763536628 
825.051390038891 
782.7905527744 
800.641742318476 
798.969848638996 
834.298120824611 
791.441361060504 
782.512455607912 
814.281746198594 
849.037270648466 
764.515596119485 
769.190277060923 
826.392215663028 
803.707432510949 
793.103322698324 
815.500076642255 
808.299346438552 
797.80448908419 
835.393956087795 
803.935869469136 
779.069347832349 
798.691751472508 
798.397100903253 
814.460522948479 
836.642082656437 
851.344814994205 
822.634593234889 
801.651499887271 
844.716832526245 
828.189915203539 
808.964793229791 
789.746292617149 
824.607758844731 
796.212051737991 
812.25892038045 
810.858502506351 
822.111505707448 
803.720675233163 
795.927333210397 
895.449701326954 
792.537196323688 
844.948580164984 
802.502344789502 
791.613516449282 
789.441710006234 
798.274605722776 
784.710747495387 
820.002602194915 
856.949797171156 
780.506183192536 
802.403024372899 
835.082752115773 
817.999640460092 
824.591205441964 
771.56403501773 
792.345176851589 
785.478825383782 
819.47620398692 
795.824702113241 
815.705338836567 
833.457207964041 
843.703764276896 
841.866336569744 
784.260494940121 
789.448331367341 
801.893179567672 
816.513144891603 
784.826621314757 
793.603235461891 
823.071603067942 
798.999644763977 
860.836536140879 
814.917396864852 
820.115165333732 
783.048785857567 
790.815642435906 
850.348300147623 
829.98761474405 
778.311201985614 
802.820170122631 
817.986397737878 
794.39448811416 
784.22076677348 
829.98761474405 
