9.56380823814608 
8.81440157674211 
8.58934948968294 
8.84152423802206 
9.28068801749745 
8.37175311403833 
9.91325491156503 
8.65844365870758 
8.63501926194052 
8.41860040064054 
8.52855773236803 
9.05699285219298 
8.43934238376717 
9.04412672306074 
8.11183420522666 
8.49580531409046 
8.34067538057042 
8.96809603944685 
9.37932645035724 
9.54817217735963 
8.35430316263804 
8.71930033134414 
9.10305694398403 
9.25508202128595 
8.72694794343624 
8.07342521720886 
9.57007284364999 
8.32278946101939 
9.54451093975464 
9.58247546633107 
