401.21144422811 
402.072221172001 
393.567082830248 
397.589559702661 
377.68574821546 
401.863648297135 
387.462187889729 
391.199946234548 
388.538159069593 
376.050272022068 
382.655079726154 
383.264244947984 
388.905644611023 
400.87375481166 
385.83995441855 
397.377676147242 
397.275045050086 
380.039642088947 
382.476302976269 
387.372799514787 
393.633296441316 
391.087383095731 
385.59827473815 
403.979173170775 
395.725646551082 
384.340216127848 
424.237227477192 
386.998692612249 
392.461315525403 
389.604198207796 
