10.3610782476207 
9.55824132072553 
9.17935916828411 
9.62732597050308 
9.9710634356013 
9.00583590674811 
10.5461516796602 
9.47788209886884 
9.3838784824403 
9.06830748236157 
9.1117014041929 
9.80905241067528 
9.20654405503755 
9.7530176090366 
8.72394221663611 
9.18077841248819 
8.99666965797057 
9.73770107587233 
10.1799234277494 
10.4269899205603 
9.07428697998562 
9.47399344946002 
9.87082936073758 
9.93303885330035 
9.42785809586339 
8.82409286138657 
10.172398595578 
9.04751228096599 
10.2652739939759 
10.370831289645 
