10.0079441011182 
9.21443385734696 
8.9994191571915 
9.24622176444432 
9.69650740846014 
8.73854530469174 
10.45700874676 
9.08633774486601 
8.97814484372158 
8.76825274952543 
8.94113205877763 
9.54233723025372 
8.86524211262642 
9.44925691135198 
8.49052872708257 
8.86817634517354 
8.80044949832353 
9.42880680351884 
9.82373612483434 
9.9932384211775 
8.76749975177771 
9.08804893654474 
9.53410805627108 
9.71044738506572 
9.11309442606519 
8.40556412422807 
10.0563178479308 
8.6826652262169 
9.99117463807694 
10.0418138720465 
