1240.50538200784 
1209.49423726389 
1227.74932983549 
1210.23251902731 
1168.05775945721 
1219.27067693816 
1236.39682744104 
1225.03457178168 
1155.53014424304 
1200.83680761668 
1182.47577326738 
1178.24141283955 
1186.82600751458 
1201.41617671353 
1200.24750647817 
1163.95251557096 
1194.36773781529 
1189.37854222127 
1234.24488508131 
1182.60488980896 
1201.68434183836 
1196.28462185572 
1181.32365643479 
1134.60002178428 
1346.91065499497 
1269.64268155855 
1169.66343952562 
1178.64531586707 
1209.46775181947 
1290.26160004529 
1186.14400732058 
1256.02585244231 
1235.08910862244 
1259.32329027352 
1160.21144654559 
1178.16195650627 
1211.78522820687 
1266.88157397699 
1188.80579448553 
1162.40973843306 
1293.85699912631 
1224.39892111542 
1245.69321843506 
1228.43464071005 
1214.10932595537 
1203.799866712 
1186.30954134825 
1234.88715710868 
1251.28164720925 
1151.45800716233 
1213.87095695552 
1247.68624812822 
1220.6545414095 
1247.48098593391 
1244.98804347718 
1247.31214122569 
1151.37855082904 
1243.73991690854 
1202.72720621269 
1186.355890876 
1157.32784378355 
1223.27328972726 
1209.28566438903 
1217.02934620349 
1215.7348701071 
1165.33969072284 
1158.22503821353 
1262.81274757683 
1243.97497522783 
1251.55312301463 
1180.76084074071 
1183.04852100312 
1161.23775751715 
1197.73469993812 
1235.62543887209 
1218.31389025822 
1219.03230793832 
1248.91119993299 
1199.88664229785 
1166.94537079126 
1205.85911001623 
1284.02096720208 
1235.18842903904 
1156.60280474235 
1156.61273678401 
1161.45295175312 
1197.68503972982 
1213.57630638627 
1222.95546439413 
1189.83541613765 
1202.31999250462 
1151.34544402351 
1211.56010192923 
1285.20619084021 
1166.07797248626 
1246.22292732361 
1228.76901944594 
1180.30727750489 
1129.65386503746 
1237.20794417663 
