1010.23430679481 
1021.33501869045 
1035.25974109816 
1000.21618744014 
986.192144615824 
1000.16983791239 
973.068606902041 
1021.36481481543 
1010.00586983662 
998.984614274264 
981.441318021656 
994.664176152042 
1001.30209066166 
1054.1438629749 
990.731087654572 
1006.75478153316 
1015.26985191657 
978.127326787676 
991.538893709608 
998.464837427376 
1022.07661113441 
1022.40105782865 
997.604060483485 
1025.7316024654 
1048.93616246436 
988.344086975551 
1037.62687769386 
995.296516137747 
1001.63978007811 
1045.23813228619 
