557.306721641621 
560.504839056231 
574.737454755412 
537.863094751346 
529.030199034804 
553.770914810561 
525.020964884605 
554.55223542117 
538.319968667719 
549.139272716317 
523.163673094132 
557.717246030246 
547.056854648212 
572.840434798298 
539.680658375178 
558.33965397429 
542.752969928757 
549.251835855134 
538.723871695237 
531.552937616515 
551.135613090034 
561.302713069607 
550.433748812707 
551.314389839919 
550.274836146143 
561.494732541706 
547.222388675883 
523.07428471919 
557.02531379458 
555.37328419842 
