8.11599390785338 
8.53807076944454 
7.69143470593043 
8.82679316462972 
8.8154954048011 
7.75940015651804 
7.96235630366654 
8.56562264217313 
7.72665813114449 
8.66629848794571 
8.98323170363044 
9.20230715052151 
8.79854184341417 
8.92220574819765 
7.87718969176868 
8.37565773780174 
8.26611741218269 
8.6850821049326 
7.90681792141739 
8.45753398829376 
7.66029782417067 
8.46589318460061 
8.35049320045082 
8.53038522265058 
8.63337954104834 
9.61622321064526 
7.8014342111027 
8.66086480203998 
8.6463880289609 
7.9597837238806 
8.96717678366926 
8.20393793661099 
8.85725709698905 
7.94463770338932 
8.89962677869206 
7.74355602973317 
8.55826955527001 
8.63266677844966 
8.23646878123419 
7.61765287133154 
8.39821694196802 
8.54821908409376 
8.59221275644518 
7.93128847164484 
8.90538114363209 
9.01363566348563 
8.07328181319597 
8.01625896168171 
7.82261895140932 
8.1574660829223 
9.13723087660404 
8.29471362951009 
8.53793421993928 
8.30978275691678 
8.91040151499142 
8.75791760028234 
8.48650315619577 
8.3432902693948 
8.09899518467541 
8.28773259077502 
8.96111434492074 
8.37495669423053 
7.83184345009016 
8.82670838915294 
9.00676701596321 
9.0346045845541 
8.4180374293829 
9.07132544530429 
7.27308248994766 
8.60608459786197 
8.38244696978332 
9.04522369659059 
8.06847764051546 
7.79376462905989 
8.83324781648481 
8.60371011065862 
8.15551702061508 
8.0926175811753 
8.04921647479222 
8.2337147790655 
8.45171621320633 
9.10922874449522 
8.77380202188827 
8.161775587671 
8.59644028132945 
8.98763667642488 
8.64139345617293 
8.27028125359113 
7.84495083010591 
7.90839619223043 
8.18923892426995 
8.52220867416133 
8.58980216073963 
8.3967287365907 
8.18685291575533 
9.0792256535233 
7.75360939423416 
8.40423455832904 
8.68235319571954 
8.79108002994739 
