11.5178930357962 
11.6589109592096 
11.1749758081834 
12.5660343416751 
12.3904025136764 
10.9384040536626 
11.4736860336401 
12.0257975413578 
10.9291907944211 
11.9249546520524 
12.7551577580415 
12.8255632741485 
12.4065079155575 
12.4060218261622 
11.1542458934343 
11.9545448747651 
11.8115356400647 
11.8792145399034 
11.1983179678713 
11.8813452371932 
10.9924400652199 
11.7965333457974 
11.7610198964976 
11.8929279830544 
12.4151500110174 
13.3752508757947 
11.3262380201532 
12.01991038907 
12.0091163732021 
11.3169450693822 
12.7021809425313 
11.8060997043611 
12.7009579348582 
11.4961543743237 
12.6152354884402 
10.7450498261559 
12.0700657753827 
11.9837194368484 
11.4759734907646 
10.9471615044553 
11.5821856134148 
12.3238845230335 
11.8195830137162 
11.3951076801004 
12.324170593666 
12.8559332580235 
11.4896169909776 
11.4069794306436 
11.3218477186013 
12.0154440000554 
12.8696415219903 
11.5547275803067 
12.1876354815927 
11.5600104445699 
12.6206503811493 
12.1165248911189 
12.0764947449597 
11.9318731763333 
11.2293870249541 
11.7967512982606 
12.7148221830957 
11.7940292467982 
11.3076166240657 
12.7315572182146 
12.552730486581 
12.7665217821272 
11.9601871212347 
12.6494039086235 
10.2533661234178 
12.2443316208922 
12.0330510082323 
12.9205653570834 
11.2248162300756 
11.1575247103503 
12.7223093969965 
12.1181960012804 
11.6143720553436 
11.1787365661897 
11.8318548241921 
11.4729336486878 
11.9193578167902 
12.7754944986786 
12.3803081339693 
11.5728714196383 
11.9616566728244 
12.3843439656933 
12.2054478089318 
11.7681114868794 
11.0966863471172 
11.3875353214818 
11.6923609039536 
11.8436667444816 
12.1991940355394 
11.6754551386352 
11.3948795054125 
12.7577387608348 
11.0368619614302 
11.7377735527239 
11.933935714368 
12.3475631449368 
