2405.68616006412 
1770.1149501395 
2675.33446977961 
1274.86693547186 
2444.76212263622 
2314.99668766411 
1512.17982822203 
1860.4071408731 
1930.90146189721 
2390.70201987931 
1242.21369317341 
1468.97875768037 
1775.30609724727 
2033.2577725675 
2745.10706244308 
1909.3489314944 
1968.34194827591 
2613.15988898626 
1853.72618751628 
1691.36710249569 
2274.97718113429 
1756.64710164816 
1976.98944588146 
1258.21090160757 
1814.76278808301 
1896.82462696079 
2004.24627887783 
1691.46311223174 
1312.40343158661 
1835.99087179158 
