14.0980538159531 
13.0749336672616 
12.3763978461022 
13.1035044246247 
13.5777556508668 
12.1283370430512 
14.4773066300531 
12.9163876318864 
12.8236462991396 
12.4814666290498 
12.5223796230332 
13.3013029742681 
12.5333341286718 
13.4349443139006 
12.0328767648352 
12.3817824848228 
12.2183859105336 
13.1615568330261 
13.9079170605761 
14.0944356651474 
12.566531480684 
13.0692841406519 
13.3596955250123 
13.5963751927209 
12.562320322093 
12.1581875690226 
13.6613847355974 
12.3205149033196 
14.1139374309577 
14.2890082191556 
