734.39502444441 
692.104391054938 
696.967780787922 
690.449050778225 
660.10666350607 
723.906788451154 
693.643857512282 
721.000010925246 
750.25980565643 
774.467501863085 
695.24622690014 
670.392947985567 
683.069543824637 
717.007330177813 
720.655700147689 
690.02859434794 
727.853119670839 
723.913409812261 
709.866192224072 
697.586878051413 
724.979448950465 
697.116761412826 
701.543141312758 
694.435110164551 
716.269048414399 
726.12494442195 
702.473442548271 
688.197788001895 
684.185243171142 
735.994083151715 
719.232107509716 
780.684959942421 
715.500970526004 
722.277933618868 
692.276546443717 
682.738475769295 
778.936920610211 
707.323589559041 
706.337006754119 
704.102297380556 
737.268695164784 
736.119889012745 
732.272878209663 
720.980146841925 
691.707109388527 
678.285610424936 
716.613359191956 
690.535128472614 
692.945303915509 
693.643857512282 
731.024751641022 
737.771918608905 
734.38509240275 
713.663542818852 
715.901562872969 
727.505498212729 
668.360190125763 
744.108561188164 
690.786740194675 
683.569456588205 
710.458804043136 
709.55498825205 
723.112225118332 
714.746135359823 
689.048632904126 
733.934839847484 
661.851392157726 
766.038509174061 
723.26451642379 
701.576248118292 
702.476753228824 
702.609180450961 
684.155447046161 
685.357224087055 
718.477272343535 
734.252665180613 
723.082428993351 
736.904520303907 
671.286831734992 
695.176702608518 
732.488072445636 
727.508808893283 
718.166068371513 
727.657789518187 
688.174613238021 
710.515085612544 
727.104905865765 
777.894056235882 
721.893894674671 
717.308602108175 
715.673125914782 
716.259116372739 
757.927341818166 
734.199694291758 
726.555332893896 
716.461067886498 
754.53058357035 
728.11466343456 
693.47832348461 
763.446246300728 
