14.3411461900019 
13.261660288199 
12.5433899470153 
13.2480587256128 
13.7281110569307 
12.3199332204871 
14.6304036602942 
13.1283023821399 
13.0247963627612 
12.6591807967824 
12.6828173695427 
13.4599788312468 
12.7676331817242 
13.6202543078285 
12.1768006162628 
12.5779200635401 
12.4158786545995 
13.3218765014326 
14.1671022307051 
14.3433273701654 
12.7355628399246 
13.2410545987218 
13.5298393956073 
13.7356129681758 
12.8279561167656 
12.3942232581814 
13.8462016984334 
12.4738090673111 
14.2760872642252 
14.4886438724337 
