410.021165180778 
413.331845734205 
415.914176565877 
405.545125072545 
400.701599422882 
404.05200814295 
412.477690151421 
412.656466901306 
404.823396711898 
396.007054398123 
407.183911946491 
416.324700954502 
436.897269913495 
406.849533210595 
401.479609352937 
407.402416863018 
417.562895481484 
406.40921269699 
394.215976218719 
408.084417057023 
427.319471072432 
399.774608867923 
401.708046311124 
417.556274120377 
407.879154862711 
434.669181901039 
419.09574057772 
415.88769112145 
398.764851299128 
418.208478189402 
