10.4053145822031 
12.2720330940579 
12.4486878297729 
11.7400536713494 
12.0129998778163 
11.8382330091404 
12.6444074358405 
11.6553270031384 
10.4613382592346 
11.77986216921 
12.2482671585933 
11.3258351058441 
12.3479443381561 
11.2616882763502 
12.4528322071076 
12.4878457242315 
13.05642398428 
10.4664991080981 
11.6291025437452 
11.8138879605895 
12.2454936988812 
11.5834874389424 
11.3726422152912 
11.5561992252894 
12.5300260765287 
11.5153448269097 
10.6398237022571 
11.0976656146738 
11.6337563126838 
13.1871502440862 
