14.8938711493864 
13.7586147209852 
13.0963480220619 
13.7612099859618 
14.2626243368635 
12.7713189795683 
15.3719334805638 
13.660046853319 
13.4549996152704 
13.0935261119127 
13.2480233114878 
14.0624761167233 
13.2757252631892 
14.1424167868765 
12.6765878830473 
13.0574799810891 
12.9999286278909 
13.9427082396064 
14.6785516317791 
14.8732829847556 
13.2477390142637 
13.7178892994251 
14.1062341311981 
14.3616134147775 
13.2937411488505 
12.7621913793583 
14.5155820249354 
12.9157803616917 
14.8704026686235 
15.0342869435762 
14.1555554466106 
14.1375844000507 
14.3757252807131 
13.2415183150868 
14.146085273902 
13.6119252292965 
13.3562492089649 
13.6062389901561 
13.4571596156123 
15.3895832175513 
13.7362134261846 
13.2370643937408 
13.1188632828378 
13.7170777624976 
13.4761481875576 
12.7920374299887 
14.9778698820162 
13.4097741514899 
14.1871113711611 
12.9145382059171 
13.2891157134152 
13.9945517546777 
15.7251991005932 
13.3602396002207 
13.0648471964454 
14.4830600664398 
14.2467665447248 
13.4877370133385 
13.2491840317612 
13.986573827 
14.7814487732711 
13.0547904980241 
13.2658402085106 
13.7223896078302 
13.6564037622842 
13.5308844891573 
13.8950392907672 
14.25083555934 
13.6290474514469 
14.4850954535554 
12.4754684174975 
13.6433867324761 
13.3738265508573 
14.3380626196282 
13.4293226895202 
13.8103012414794 
13.9353968651119 
13.5248096751732 
14.0056437440274 
12.7555659258983 
13.6698379519021 
14.1453975400057 
13.1169071238969 
13.1353897939428 
13.0628921859501 
13.7551250784229 
14.4861029302749 
14.1002271697234 
14.6886854621211 
12.4523153035052 
14.0195728551886 
13.578913766908 
13.1083903893861 
14.2384946764243 
14.8064865014571 
15.0002782961453 
13.5805961142745 
13.6921090326874 
14.0493820548889 
13.8030550226797 
