999.391827982335 
969.857246765217 
984.271949894836 
952.462931137513 
979.507880578455 
969.330848557222 
977.796258732334 
977.279792565999 
1010.0787048088 
997.157118608773 
964.705827824085 
971.065645167218 
1000.87170218972 
992.767156194929 
947.165842252031 
1009.44967550365 
961.232923923541 
965.129594934924 
940.772918103364 
977.094394455007 
976.627588496974 
977.981656843326 
991.082019793235 
960.14039934091 
984.311678061477 
951.529319221447 
971.896625986128 
968.642227002109 
969.97643126514 
992.105020084244 
1030.60492424004 
957.614350078645 
954.93269883037 
950.261328569485 
971.936354152769 
1004.89086838158 
967.433828600109 
965.371274615324 
996.028176540054 
982.467628993219 
1007.50299533823 
960.074185729841 
947.864395848804 
965.977129156601 
955.373019343975 
957.356116995478 
1020.55700876039 
945.454220405909 
949.095969014679 
986.695368059944 
980.570609036105 
973.217587526945 
978.508055051321 
989.939835002303 
1002.53366382754 
952.065649471102 
1018.25608577576 
971.353674375366 
975.799918358618 
951.559115346428 
973.853238193203 
1034.97502257056 
963.365002199947 
963.169672047295 
973.876412957077 
1006.45350960279 
986.049785352026 
987.479999351107 
965.414313462518 
963.878157685728 
996.465186373106 
996.551264067495 
968.506489099419 
962.679691325388 
975.422500775527 
958.061291953358 
995.346176346048 
982.752347520813 
985.321435630273 
993.445845708381 
984.454037325275 
1026.58244736763 
963.679516852523 
999.160080343596 
961.666623076039 
1021.98391207892 
1011.91613251595 
1037.30905236073 
976.763326399665 
975.071568636864 
1007.78109250472 
997.150497247666 
1036.08078987541 
985.649193005062 
1014.10449236176 
1001.80200342523 
944.010763684615 
1007.27124769949 
999.29912892684 
1031.05517679531 
