1136.86452728282 
1056.01108680704 
1128.57127249649 
1041.7751604273 
1043.48347159287 
1116.12642429616 
1089.04836804968 
1132.29578811909 
1087.43275593961 
1146.52840381827 
1044.02311252308 
1042.34128680194 
1063.23830245517 
1073.43188787917 
1189.70961027662 
1041.26531562208 
1016.6537163879 
1111.45174335472 
1167.83263317957 
1054.34250380811 
1167.1837397911 
1058.3881554444 
1076.08043232191 
999.209740551897 
1165.04504015359 
1133.01751647974 
997.971546024915 
1023.1724463976 
1037.1335862914 
1202.82321594874 
1044.92030695306 
1147.35938463718 
1144.70752951389 
1151.32226925964 
1067.15152686932 
997.796079955584 
1155.40764906256 
1126.84640792815 
1033.04158512736 
1028.83039946341 
1139.86731454478 
1037.94470302699 
1118.68558036396 
1125.79030083161 
1079.66258868072 
1076.75250047425 
1027.70145739469 
1041.11633499717 
1132.80232224377 
975.558238678217 
1150.02117180214 
1135.98719693616 
1020.04385327461 
1073.02136349054 
1152.60350263381 
1175.47368389688 
974.773607387055 
1037.32229508294 
1052.90566844792 
1031.3829341701 
1011.73735576606 
1053.1771442533 
1107.72391705156 
1099.83125461219 
1030.2738561847 
1049.15135670034 
1040.17279103944 
1202.42593428233 
1124.12171783268 
1193.10636852443 
1039.97746088679 
1095.95775836468 
1002.57339199418 
1059.29197123548 
1144.9558305554 
1021.75216444018 
1068.45924568792 
1141.4796159743 
1075.71625746103 
1051.19735728236 
1046.93651141009 
1211.11316005452 
1112.53433589569 
1010.51571464185 
1003.2686349104 
1008.51275290703 
1103.30415851274 
1133.95112839581 
1100.38413826461 
1025.89713649307 
1052.02502742071 
1068.22087668807 
1129.35590378765 
1160.91331082291 
1073.20014024043 
1091.08774727059 
1172.71919767643 
1122.75109608356 
981.639958854862 
1188.85545469383 
