12.1499596417505 
11.433984437256 
12.4999496747187 
12.0280490167628 
11.8917020830487 
11.0329607489366 
12.5895074779017 
12.1340747298685 
10.5006558123602 
11.6369328843168 
11.7308764206261 
12.3553558848396 
11.0452768933187 
11.3078574385004 
12.3083897650256 
12.3843129600369 
10.7947286944183 
12.3818568984333 
13.0790340944376 
13.2947324051799 
11.8386948661442 
12.6752384051131 
11.2963445151968 
11.7221126198237 
12.0086190531243 
12.5170161917831 
12.1896407288816 
11.9595913144847 
11.8107503219844 
13.0025668507162 
11.2541221924402 
12.017008964389 
11.947705828425 
11.9498897785789 
13.2549894251274 
11.8883481598378 
13.0129588114567 
11.5802882311199 
11.318494063186 
13.5804243213757 
11.7237789300425 
11.9025777221837 
11.2851024812343 
11.797687497862 
11.4981314122659 
12.9024647046981 
12.8102200542231 
12.217354897005 
10.9842659544799 
10.7053480769299 
11.969128889137 
12.8635272000995 
12.7942359519136 
10.7176232300899 
11.9403182732814 
12.2086384660153 
11.2777162075236 
11.2203365011032 
11.3574868067085 
12.5497546947808 
11.7328986279064 
10.7245904783587 
11.4533733259482 
11.8134354853715 
11.8387365786309 
12.2695887914005 
12.3555585728073 
11.677564431861 
12.1288274280706 
12.4871945931214 
12.4850088001488 
12.8445137102999 
11.3882068283794 
12.1812803741974 
12.6887588547786 
10.6276561750374 
11.3749790296017 
11.3099838127399 
12.5755574471581 
12.1182351521702 
11.713606050326 
12.6015143505957 
11.3205618874417 
11.5025791596047 
10.2653223039301 
12.1644582938918 
12.3875240900903 
12.3562655534764 
12.9219007226461 
11.4829815557978 
12.1338034410487 
11.5102961224236 
11.4408565782844 
11.3802522535095 
12.1409545374914 
13.5269953117126 
12.0404361764067 
13.0684448655458 
12.5691718808092 
11.8209379783227 
