562.481315346627 
548.76516581378 
554.495953851762 
551.390535492647 
549.427301924466 
551.244865548297 
556.08839119796 
535.250967794693 
556.181090253456 
538.882784361802 
555.836779475899 
558.478702557534 
563.55728652649 
559.736761167836 
563.848626415192 
548.51355409172 
543.908397441903 
567.732054704361 
580.014679557574 
549.758369979808 
563.9049079846 
553.13195346375 
547.758718925538 
578.91884429439 
551.532894756445 
554.356905268518 
548.887660994257 
553.817264338309 
568.546482120504 
586.298351247978 
