2126.51964375753 
1490.37568609716 
1929.49111198145 
1311.21820794848 
2315.91043549685 
1766.32422090582 
1307.83469242288 
1671.74138817498 
1753.37945994192 
2043.63344542194 
1317.16087954188 
1553.73217984809 
1786.03932360148 
1873.50419314246 
2385.0871056607 
1726.68544263965 
1761.01388929813 
1633.53282390788 
1722.85829591988 
1582.31328506582 
1849.21041924141 
1462.54941604561 
1530.024396405 
1195.32452449523 
1554.77504422242 
1582.28679962139 
1732.28380345549 
1257.77058109396 
1359.39523136194 
1696.08813296488 
