13.0669101485201 
12.1429702633549 
11.5155141218421 
12.2062650629696 
12.6547909500175 
11.2739468317274 
13.4457444171126 
11.9738948605529 
11.8929640471396 
11.5910492281552 
11.6080586803808 
12.3793930831883 
11.598144294484 
12.4739073523485 
11.1738278149187 
11.4834447197157 
11.3268624503338 
12.235218379077 
12.8843752088442 
13.0633803321984 
11.6560461463672 
12.1297060254582 
12.4174424956144 
12.6515258604423 
11.6327109751621 
11.2475465662582 
12.6925311684624 
11.4623707232813 
13.1158091296885 
13.2663408332174 
