775.291861320889 
783.604980190543 
739.533200663328 
730.389100974764 
700.794927507683 
712.577639597329 
772.242724531183 
798.506353361516 
783.465931607299 
768.25004378375 
729.915673655624 
724.433186659149 
804.068296691273 
750.408786281334 
742.522745203072 
753.881690181879 
728.783420906352 
758.526574998336 
775.560026445716 
776.261890723043 
763.03241123155 
784.793514509223 
760.953303843998 
707.803638239287 
756.420982166357 
799.373751666514 
737.179306789842 
711.22688193153 
745.280542104077 
775.576579848483 
