14.1256977684328 
13.0514724926981 
12.4726462395704 
13.0817705345262 
13.5652841173187 
12.1282472504974 
14.6362848217482 
12.9634552397497 
12.7316402217293 
12.4062734708686 
12.5732735422883 
13.3916132021662 
12.585264221396 
13.4146224530374 
12.0317252690806 
12.3821475999079 
12.3657050447347 
13.2750857937291 
13.9102814246963 
14.1007577050096 
12.5631762539149 
12.9924402404951 
13.4117637511414 
13.6697165959274 
12.6034842071669 
12.0514596263697 
13.8294280924844 
12.2546309820371 
14.1229596619157 
14.2576429247987 
