14.3870428821568 
13.2673604446737 
12.6380106942386 
13.2589212260726 
13.7505827046763 
12.3610092461355 
14.7694405982689 
13.1972150047857 
12.9928240592022 
12.6444381908875 
12.7482216747891 
13.5584423351979 
12.8217668345227 
13.6430127726364 
12.2104645680313 
12.6150362701183 
12.5420038260936 
13.4301636419469 
14.2064585796722 
14.3712233571765 
12.7572750783112 
13.219345769922 
13.5860685238254 
13.7970422914804 
12.8706220181967 
12.3377815460526 
13.9919460581635 
12.4448326279749 
14.3031579041807 
14.4966501466152 
13.6727895168046 
13.6618582331449 
13.8934086622143 
12.7772369032745 
13.6141451677047 
13.1139562637683 
12.9249888842271 
13.1598095235789 
12.9332982769279 
14.8283093444264 
13.2858456819281 
12.7716003491417 
12.6564421155966 
13.2462929037054 
12.9986136496996 
12.3420596209349 
14.4441406785196 
12.9274949248053 
13.6480424055552 
12.4302482711258 
12.82541936065 
13.5405405147973 
15.1153410170865 
12.8578058602682 
12.5480858439734 
14.0024292003156 
13.6979847753828 
13.0133001922706 
12.7539900911259 
13.5091911880907 
14.2577974765185 
12.5732840190099 
12.8191508921337 
13.2269360782378 
13.1213124536017 
13.0544577390435 
13.3724342279653 
13.7463443189369 
13.1293246542159 
13.9609938478311 
12.0211000356192 
13.1633964197845 
12.8898110096871 
13.837678227841 
12.9877167452761 
13.2928732357497 
13.4047221932175 
13.0484885995477 
13.4889400772467 
12.294032310289 
13.1794464075494 
13.6345048477123 
12.6620073139439 
12.6638769871485 
12.5651839748476 
13.2353116725269 
13.9208095279507 
13.5992073066975 
14.1654203424521 
12.0242849090316 
13.4858751514847 
13.1138721689895 
12.6517346376975 
13.7840438600345 
14.2672931748508 
14.4701822517137 
13.1249370691414 
13.2462385538503 
13.5540711410539 
13.2875138777138 
