413.77216624781 
411.292466513294 
412.388301776478 
426.567946586804 
403.780532337569 
401.340560769694 
425.928985239993 
409.200116403528 
400.214929381528 
402.135124102516 
391.312509373364 
420.40014871577 
425.280091851521 
398.576142507582 
401.161784019808 
420.443187562965 
401.737842436105 
412.745855276248 
399.943453576147 
412.911389303919 
389.160567013637 
414.788545177712 
410.534320666559 
389.61744093001 
395.030403634862 
406.597921488535 
392.024305692351 
394.626500607344 
396.82479249482 
418.811022050126 
