1169.38203167858 
1098.74535139067 
1169.77269198388 
1057.08374730635 
1069.46900325672 
1143.42629613971 
1089.56152353546 
1161.26093228102 
1107.42926648231 
1167.16056502723 
1106.13147970536 
1049.54201700564 
1150.75283220445 
1080.63592876342 
1188.6303284162 
1084.16180355282 
1116.91105558732 
1154.46079442428 
1136.09976007498 
1116.11980293505 
1221.24715322856 
1153.17956105011 
1082.47997783168 
1031.95568190584 
1185.54146345985 
1153.26232806394 
1076.19630614128 
1052.74675578136 
1092.89868953332 
1253.07934674976 
