11.025214296659 
10.3577370720453 
11.3830614915587 
10.8393693479312 
10.7527753095382 
10.0369890941297 
11.4117921068451 
10.9624274011709 
9.47048950987248 
10.53430484568 
10.5814659509404 
11.2165623890044 
10.0340146006307 
10.227243457561 
11.1768331002413 
11.2333060337638 
9.77179852495985 
11.1697785246424 
11.8154794509117 
12.0333838850457 
10.7156471947401 
11.4334329113741 
10.2450059889739 
10.6572449677843 
10.8947438173341 
11.2933046101613 
11.0829129583214 
10.8480161903372 
10.6475793848975 
11.805423512311 
10.1629611329059 
10.7717494351199 
10.7510586116323 
10.8081817787773 
11.9762829008244 
10.7824520852447 
11.7612050864252 
10.4823387605095 
10.2970011394772 
12.354282677725 
10.6261890236845 
10.7777596256785 
10.2501850512704 
10.6702910764088 
10.3578060198526 
11.774224676373 
11.612904870398 
11.0325614430018 
9.98373240561599 
9.64866847443415 
10.7955960886099 
11.725836552799 
11.6363174223738 
9.65397068050089 
10.7827134679703 
11.0695744904936 
10.2708863349147 
10.0964830001741 
10.2432913755443 
11.3663935634718 
10.538588300896 
9.69899037565998 
10.3824388915359 
10.6208580389978 
10.7320025908166 
11.0911182792698 
11.231053441286 
10.5357785648655 
10.9437185280246 
11.2744112081122 
11.3032384120791 
11.644738816776 
10.3154290903841 
11.0227889061073 
11.5221595179718 
9.5299123146435 
10.2324162833557 
10.2636413241268 
11.3950135144568 
10.9162231278392 
10.6578304462452 
11.390247137751 
10.293276857728 
10.4344740995342 
9.36972623853051 
11.0312304644194 
11.2142517464194 
11.1902655234254 
11.7329258463752 
10.4284299665674 
11.0616804603404 
10.5167770573143 
10.3772003464394 
10.2736856073126 
11.0224910583222 
12.2891300457505 
10.8362154233355 
11.8131706047494 
11.3684176326736 
10.7027444618827 
