13.0669101485201 
12.1429702633549 
11.5155141218421 
12.2062649958395 
12.6547908618152 
11.2739466450996 
13.4457443699332 
11.9738948605529 
11.8929639272203 
11.5910492281552 
11.6080586803808 
12.3793929595208 
11.598144294484 
12.4739072264691 
11.1738278149187 
11.4834446481097 
11.3268623777212 
12.2352183383042 
12.8843752088442 
13.0633802693242 
11.6560460805489 
12.1297059955765 
12.4174423620037 
12.6515258604423 
11.6327109124723 
11.2475465662582 
12.6925310774706 
11.4623706287936 
13.1158090295053 
13.2663408332174 
