1029.72097253228 
978.83581242611 
1001.99733357788 
965.72551743454 
1017.56415354009 
969.214974737852 
983.225774839953 
1018.20642556746 
1013.98861854239 
976.402462219341 
985.092998672086 
1020.96422246846 
1003.49045050748 
1014.75669643079 
967.490110169517 
1035.02468277887 
999.222983274111 
1026.95655427017 
959.5510982024 
1023.95045632765 
950.969814207918 
976.865957496821 
981.841910368621 
998.074177122072 
1017.04768737376 
1000.02747864859 
962.984273936303 
951.357163832669 
973.05867486038 
1005.48016952009 
