563.20966506838 
541.094318971491 
602.279006279368 
570.115744702828 
565.421199678069 
569.645628064242 
589.175332648905 
554.744254893269 
600.666704849849 
590.88033313392 
554.79391510157 
586.351322136832 
590.979653550523 
578.147455725441 
556.704177780897 
574.929474227511 
563.355335012731 
564.49420912311 
546.732407953976 
574.105114769707 
585.6924967067 
572.43653177078 
556.684313697577 
535.065569683701 
580.835728334824 
541.239988915842 
567.447336176767 
565.020607331105 
560.547877903426 
549.639185479885 
547.232320717544 
571.340696507596 
585.020428554355 
541.372416137979 
582.83206870854 
541.269785040822 
559.087867779364 
584.593350762963 
572.996036784309 
573.313862117438 
549.764991340915 
550.586040118165 
547.593184897867 
569.748259161398 
544.73606758026 
567.252006024114 
530.334607172854 
550.529758548757 
539.849503083402 
579.849145529903 
565.149723872688 
579.312815280247 
545.279019191022 
666.817412987866 
569.403948383842 
585.844788012158 
525.348722259394 
564.063820651165 
537.532026696004 
564.507451845324 
541.230056874181 
581.630291667646 
571.973036493301 
583.745816541286 
560.12742147314 
539.058250431133 
570.234929202752 
554.836953948765 
564.034024526184 
537.3830460711 
550.261593423929 
562.537596916035 
569.115919175694 
518.962419471834 
586.410914386794 
542.991338928604 
553.757672088347 
573.621755408907 
540.124289569337 
561.551014111114 
549.119408632997 
558.875984223945 
564.146587665 
566.348190233029 
557.280236197193 
539.846192402849 
574.028969116979 
543.871979955816 
562.898461096358 
582.875107555735 
576.624542670865 
584.179515693785 
539.273444667106 
564.477655720343 
546.05040775997 
567.245384663007 
595.174285811714 
552.05929296444 
557.660964460837 
591.151808939301 
