7.8270124421392 
9.21516786183479 
9.42447555725642 
8.85204816825883 
8.93858297907433 
8.86973086577038 
9.33429117354177 
9.0293974410517 
8.01994182973185 
9.09248847438879 
9.22517661592519 
8.38699318415961 
9.38893125572014 
8.52283977857703 
9.26376154356481 
9.30078660778809 
9.72309865066337 
8.03477377092344 
8.75831146943341 
8.79577604383746 
9.3888197505049 
8.66762495108723 
8.5216174129898 
8.64322153775942 
9.32683898992648 
8.48846760052606 
8.16059147950408 
8.26374875000235 
8.98513499581277 
10.0157173298755 
