1370.24102085497 
1261.11105777237 
1299.56461240042 
1157.66884388055 
1250.62282177911 
1201.7671088522 
1314.36004379368 
1288.76186175459 
1272.56270180667 
1223.13093046346 
1295.27065972262 
1187.34247368092 
1285.15321995135 
1219.58519159074 
1259.77354282878 
1221.78348347821 
1168.67023535959 
1204.49510962822 
1266.71603994932 
1273.38375058392 
1265.78904939436 
1201.87967199101 
1232.40083601305 
1261.11767913348 
1309.86413960213 
1290.44368747573 
1276.56531459576 
1198.76101090969 
1272.71168243158 
1278.88279098316 
1300.03803971956 
1287.34820115827 
1336.52173941832 
1240.00215856372 
1187.20342509767 
1096.22592348951 
1274.57890626371 
1355.23701658684 
1150.45818163519 
1159.62876676818 
1387.66844328821 
1282.46494734197 
1275.3900229993 
1313.00928612788 
1297.21402920749 
1275.68467356855 
1262.49823292425 
1347.34104346692 
1172.32853737113 
1281.82267531461 
1296.43932995798 
1201.59495346342 
1236.35378859384 
1261.99832016069 
1196.29455389738 
1238.56532320353 
1179.30083061664 
1351.4793941587 
1291.14555175306 
1292.81413475198 
1245.51444168518 
1227.28583455801 
1307.91414875616 
1198.97951582621 
1287.21246325558 
1189.34543541574 
1148.52805487254 
1319.82597738739 
1241.31318806288 
1169.96802213653 
1264.00790325662 
1250.67579266797 
1105.93614955271 
1222.55487204716 
1227.17658209975 
1241.75350857648 
1263.20340788213 
1246.60696626781 
1289.99343492046 
1178.07587881188 
1253.02968654145 
1333.53219487858 
1343.99725610796 
1236.78086638524 
1224.40885315708 
1153.47090093881 
1271.83104140436 
1165.77007919479 
1305.16628389682 
1157.26163017248 
1251.92391923661 
1300.48829227482 
1192.41112560821 
1232.18895245763 
1283.90840406326 
1255.976192234 
1273.04937184803 
1385.13246198428 
1203.99850754521 
1190.25256188738 
