11.0373229788393 
10.1697604534132 
9.88518485521905 
10.244872825793 
10.6741299232266 
9.60303990412308 
11.5421477116457 
10.0397998447503 
9.86876524411247 
9.67132328452976 
9.86118187084561 
10.5538175758594 
9.8002883653774 
10.4414791378991 
9.40038273314552 
9.71610781784123 
9.73733795252459 
10.4381207626258 
10.8175141582122 
11.0183016955899 
9.73756921327661 
10.0478763550566 
10.5726248034442 
10.7846611792654 
9.94872882163754 
9.29627323229867 
11.0264603853023 
9.59268528158296 
11.034260138658 
11.1201763348895 
