856.810748587912 
829.663168049814 
809.852055618109 
792.341866171036 
776.26851208415 
820.353534333578 
820.525689722356 
838.959559043836 
856.953107851709 
830.94440142399 
820.28732072251 
779.337512957176 
816.883941113587 
835.31118907396 
802.406335053453 
821.078573374779 
790.242894700163 
840.962520778659 
873.691908729834 
816.63564007208 
800.731130693419 
874.599035201473 
810.947890881293 
775.152812737645 
830.616644049201 
836.049470837374 
820.787233486077 
801.178072568131 
829.904847730214 
819.873485653331 
838.631801669046 
833.023508811542 
868.315363511069 
812.901192407815 
826.074390329899 
774.679385418505 
825.173885219367 
822.730602970939 
797.721722070354 
780.592260886925 
849.29219305108 
794.851362030533 
820.783922805524 
854.321116811735 
828.881847439205 
803.949112191349 
838.810578418932 
826.806050732207 
804.852927982435 
808.537715438399 
829.530740827677 
832.755343686714 
818.032747265626 
818.741232904059 
803.492238274977 
864.534566319056 
832.665955311772 
840.813540153755 
821.744020166017 
895.870157757239 
834.728509296557 
794.37462403084 
819.701330264553 
795.410867044062 
814.801523045482 
850.868076994511 
829.07055623075 
854.787922769768 
850.23904768936 
854.450233353319 
816.357542905592 
822.740535012599 
810.097045979063 
800.254392693725 
832.119693020456 
824.577962719751 
807.905375452694 
807.372355883592 
859.369904655711 
791.338729963347 
775.503744876308 
821.502340485617 
839.005908571584 
807.723288022256 
781.777484525051 
778.062900944107 
808.401977535708 
797.453556945526 
837.552519808629 
776.533366528424 
784.267116301228 
835.033091907472 
823.12788463735 
787.243418118759 
821.154719027507 
853.539796201126 
854.079437131335 
833.271809853049 
817.085892627346 
806.408947842545 
