10.1614945554276 
9.52235614939516 
10.4118552763195 
9.99563785088254 
9.80793225985176 
9.40518395586532 
10.4826285514215 
10.0028074360759 
8.68729730905474 
9.74106271700399 
9.76048329456884 
10.2283836873831 
9.26223608785794 
9.44457137203035 
9.93376775503343 
10.2240000858271 
8.97228157737285 
10.1777198733033 
10.8092231806185 
10.9797829780156 
9.92551208342453 
10.4231257222158 
9.58494895158703 
9.87954359067318 
10.0543342117066 
10.3022520406472 
10.192550753965 
9.9117194153268 
9.82301506627092 
10.7621527215553 
9.45070967260575 
9.83958773975816 
9.74136230563957 
9.83001330230346 
10.8915467668393 
10.0175581976547 
10.7339652419089 
9.58900096657745 
9.38921925309056 
11.1932209633079 
9.57760706274477 
10.0309723211447 
9.43368228313436 
9.87576984980945 
9.51655257685095 
10.6729282244472 
10.6765963984336 
10.0794703438336 
9.21881667946166 
8.85431902857133 
9.96447221345934 
10.7110697581947 
10.649936061077 
8.93168817034021 
9.90883711102348 
10.0350782153509 
9.36700719469143 
9.43869238299149 
9.30248016663025 
10.3855213946982 
9.76212142828632 
8.93337012780498 
9.53940449261928 
9.62847416951324 
9.7450692323628 
10.1253794594064 
10.2925403277672 
9.48845936440414 
10.0457032139239 
10.3537738585515 
10.292064778996 
10.6500917735154 
9.34722765775695 
10.1751354803653 
10.5934303208123 
8.80801301638665 
9.37269570423359 
9.43242055479011 
10.4182885193197 
9.90153194741098 
9.96873635041989 
10.5221501850343 
9.50665082114481 
9.54886756325867 
8.7326717574468 
10.0948790734933 
10.1794486491293 
10.2244668444796 
10.6295671661415 
9.60340169661562 
10.1396384380412 
9.79518395867018 
9.58097307268335 
9.50082918858343 
9.99993408501637 
11.0552074312613 
9.90916010181598 
10.6330518981886 
10.4218996134053 
9.84163235597668 
