400.824094603359 
400.420191575841 
397.947113202431 
398.794647424108 
400.999560672691 
397.31808389728 
400.678424659008 
394.772170551695 
385.005662919087 
392.481179608724 
402.962794240873 
389.882295374284 
423.601576810934 
397.241938244551 
391.779315331397 
393.603500316336 
397.205520758464 
412.673020304073 
401.708046311124 
403.217716643486 
397.880899591363 
399.31773495155 
394.394752968605 
402.492677602286 
407.581193612903 
416.222069857346 
400.886997533874 
393.855112038396 
409.216669806295 
396.331501092359 
