8.65072538816807 
9.04662188546291 
8.21286477876183 
9.4184021790874 
9.36132869321082 
8.25493984161254 
8.49357187926442 
9.07295029276677 
8.22849804613561 
9.21043734396033 
9.5884852647312 
9.76840188496019 
9.38558310902508 
9.48876998059625 
8.38708706145034 
8.9020472047077 
8.81004747806515 
9.22324010800012 
8.41007292971001 
9.01376613388205 
8.19383113018803 
8.9862888903736 
8.88360694441266 
9.05277813381726 
9.18799274669086 
10.2180780005001 
8.35093338798128 
9.20282726707552 
9.15599552397972 
8.50739951629806 
9.51042381558981 
8.74990517229392 
9.42237849944684 
8.46842289862381 
9.46962409727078 
8.24073486169259 
9.09774397306642 
9.15262803375393 
8.75655394186232 
8.12875136374475 
8.87767515962772 
9.13896545015363 
9.10098705434627 
8.46411411727506 
9.46644696518705 
9.57295929017862 
8.60873664790247 
8.57450561066821 
8.33991699922302 
8.76211829024897 
9.72764712115638 
8.81317049304137 
9.08019473494496 
8.85958435224052 
9.46109265903802 
9.3059484636738 
9.03407813894017 
8.89163606941369 
8.61325321764799 
8.81512022308035 
9.5475863764777 
8.87492174059905 
8.37921727117496 
9.40819244793456 
9.58870654304005 
9.60169412112237 
8.94635752336745 
9.61845659296562 
7.74439143322036 
9.16470177969426 
8.95478401678928 
9.63366399631266 
8.55892694005239 
8.28991293292628 
9.45157004959825 
9.16153820405879 
8.6863200386874 
8.59057234225815 
8.62025419751203 
8.74055324168504 
9.00545442608454 
9.64148268008235 
9.36514949592623 
8.68327385049481 
9.11842536588006 
9.54023270695895 
9.1977901648157 
8.80471725716783 
8.33114199586367 
8.45209681616078 
8.72828736085666 
9.06307604022413 
9.12200385388377 
8.90904982629229 
8.70723556899197 
9.65520920979878 
8.28079330253351 
8.92155978988474 
9.19913773971736 
9.33638099908039 
