994.535059610459 
1002.65284832746 
1011.37649158574 
1016.46831827691 
1019.8385910803 
967.476867447303 
994.789982013073 
1009.25765603155 
985.685610491149 
1010.2276854337 
1004.82465477051 
976.058151441785 
992.959175667028 
1251.61602594514 
988.310980170017 
993.224030111302 
1001.73247913361 
1012.79677354316 
988.685087072554 
996.716798095167 
1000.58036230102 
1001.49079945321 
1011.90620047429 
1001.36830427273 
1038.64325662376 
1024.49671861897 
1003.43085825752 
1002.2522559805 
1015.66382290243 
1017.55422149843 
