1243.27311095051 
1215.46670498228 
1218.95947296614 
1197.08911723021 
1183.19750162803 
1190.87496983142 
1200.51898228356 
1256.82041577513 
1188.90511490213 
1232.16577769376 
1176.39074241018 
1132.48780759119 
1216.93333646744 
1179.9364812829 
1231.07325311113 
1159.3506696017 
1189.79899865156 
1235.24139992789 
1226.37539740582 
1197.70490381314 
1234.95006003919 
1204.34612900332 
1196.64548603605 
1152.50418221721 
1252.1093173476 
1274.29087705556 
1139.58259601719 
1178.11229629796 
1241.63763475711 
1266.27240875516 
