556.114876642387 
562.385305610577 
589.983138703941 
573.492638867324 
566.454132010738 
541.892192984867 
547.622981022848 
573.820396242113 
534.655045295076 
576.942368003994 
559.763246612263 
526.86170327231 
558.634304543545 
531.645636672011 
562.812383401969 
559.786421376137 
552.512856200259 
560.773004181058 
545.653126093559 
557.717246030246 
554.823711226551 
549.543175743835 
554.287380976896 
555.833468795346 
541.124115096472 
578.710271419524 
544.669853969191 
560.71672261165 
569.149025981228 
542.865533067574 
