7.8270124421392 
9.21516786183479 
9.42447550115618 
8.85204815550938 
8.93858294628169 
8.86973076761191 
9.33429117354177 
9.02939744105169 
8.01994182973185 
9.09248844319675 
9.22517652183232 
8.38699318415962 
9.38893116286154 
8.52283977857703 
9.26376154356481 
9.30078647285148 
9.72309865066337 
8.03477363598683 
8.75831138935517 
8.79577587663446 
9.38881970942603 
8.66762495108723 
8.52161734480267 
8.64322144612534 
9.32683898992648 
8.48846757485774 
8.16059147950409 
8.26374870613249 
8.98513497014445 
10.0157173298755 
