0 0 
2 2 
7 7 
7 7 
8 8 
11 11 
12 12 
14 14 
16 16 
18 18 
19 19 
21 21 
24 24 
26 26 
26 26 
30 30 
34 34 
41 41 
45 45 
45 45 
48 48 
49 49 
50 50 
58 58 
62 62 
63 63 
64 64 
66 66 
67 67 
70 70 
70 70 
74 74 
74 74 
77 77 
80 80 
80 80 
81 81 
81 81 
83 83 
84 84 
85 85 
85 85 
86 86 
92 92 
92 92 
93 92.8571428571429 
93 92.8571428571429 
94 92.8571428571429 
95 92.8571428571429 
96 92.8571428571429 
96 92.8571428571429 
101 92.8571428571429 
104 92.8571428571429 
106 92.8571428571429 
108 92.8571428571429 
110 92.8571428571429 
116 92.8571428571429 
116 92.8571428571429 
116 92.8571428571429 
117 92.8571428571429 
119 92.8571428571429 
124 92.8571428571429 
125 92.8571428571429 
125 92.8571428571429 
125 92.8571428571429 
127 92.8571428571429 
130 92.8571428571429 
132 92.8571428571429 
132 92.8571428571429 
134 92.8571428571429 
138 92.8571428571429 
138 92.8571428571429 
140 92.8571428571429 
148 98 
152 102 
152 102 
153 103 
153 103 
153 103 
159 109 
164 114 
166 116 
168 118 
170 120 
171 121 
172 122 
172 122 
176 126 
180 130 
181 131 
184 134 
185 135 
186 136 
186 136 
187 137 
189 139 
191 141 
191 141 
191 141 
199 149 
