0 0 
2 2 
7 7 
7 7 
8 8 
11 11 
12 12 
14 14 
16 16 
18 18 
19 19 
21 21 
24 24 
26 26 
26 26 
30 30 
34 34 
41 41 
45 45 
45 45 
48 48 
49 49 
50 50 
58 58 
62 62 
63 63 
64 64 
66 66 
67 67 
70 70 
70 70 
74 74 
74 74 
77 77 
80 80 
80 80 
81 81 
81 81 
83 83 
84 84 
85 85 
85 85 
86 86 
92 92 
92 92 
93 93 
93 93 
94 94 
95 95 
96 96 
96 96 
101 101 
104 104 
106 106 
108 108 
110 110 
116 116 
116 116 
116 116 
117 117 
119 119 
124 124 
125 125 
125 125 
125 125 
127 127 
130 130 
132 132 
132 132 
134 134 
138 138 
138 138 
140 140 
148 148 
152 152 
152 152 
153 153 
153 153 
153 153 
159 159 
164 164 
166 166 
168 168 
170 170 
171 171 
172 172 
172 172 
176 176 
180 180 
181 181 
184 184 
185 185 
186 186 
186 186 
187 187 
189 189 
191 191 
191 191 
191 191 
199 199 
