0 0 
2 2 
7 7 
7 7 
8 8 
11 11 
12 12 
14 14 
16 16 
18 18 
19 19 
21 21 
24 24 
26 26 
26 26 
30 30 
34 34 
41 41 
45 45 
45 45 
48 48 
49 49 
50 50 
58 58 
62 62 
63 63 
64 64 
66 66 
67 67 
70 70 
70 70 
74 74 
74 74 
77 77 
80 80 
80 80 
81 81 
81 81 
83 83 
84 84 
85 85 
85 85 
86 86 
92 92 
92 92 
93 93 
93 93 
94 94 
95 95 
96 96 
96 96 
101 101 
104 104 
106 106 
108 108 
110 110 
116 116 
116 116 
116 116 
117 117 
119 69 
124 74 
125 75 
125 75 
125 75 
127 77 
130 80 
132 82 
132 82 
134 84 
138 88 
138 88 
140 90 
148 98 
152 102 
152 102 
153 103 
153 103 
153 103 
159 109 
164 114 
166 116 
168 118 
170 120 
171 121 
172 122 
172 122 
176 126 
180 130 
181 131 
184 134 
185 135 
186 136 
186 136 
187 137 
189 139 
191 141 
191 141 
191 141 
199 149 
