1339.12724501387 
1127.64097126098 
1235.0560018169 
1084.35713370548 
1165.26685575067 
1160.78088360078 
1142.24438318214 
1267.65958390705 
1195.80126249492 
1186.70682301466 
1153.6562990498 
1170.05409983092 
1187.45503681973 
1141.03267409959 
1132.58712800779 
1109.54148067539 
1118.64916287787 
1190.22938712351 
1150.77269628777 
1200.46270071415 
1236.53256534373 
1126.743776831 
1072.12416906056 
1045.96317132739 
1217.36372493939 
1162.60175790516 
1076.98093743244 
1041.04681070555 
1249.21578254391 
1224.7697173374 
