9.86053881199033 
9.26145632277646 
10.2084666842382 
9.68564181561844 
9.54107580570561 
9.10174880360699 
10.3135762494752 
9.74938083602311 
8.40961692090616 
9.44401334367176 
9.50603718236123 
10.0526984794264 
9.04617319709217 
9.22832389743728 
9.74694358701603 
9.99291200832208 
8.75794009365249 
9.91112964229337 
10.5887320734452 
10.7861681336916 
9.61783531904431 
10.1598651644776 
9.21061152437022 
9.60058677606074 
9.73674294611678 
10.001241288083 
10.0072145636287 
9.68941186499944 
9.52573100513061 
10.6307818275267 
9.08200062471236 
9.57663099492677 
9.56823789721465 
9.61325542853657 
10.5813410319592 
9.69514547806445 
10.5040018120023 
9.34965004052006 
9.22434354234676 
10.9506841467782 
9.43175042209392 
9.77300918362978 
9.22116116185805 
9.63855052734064 
9.22522464164475 
10.4995842246252 
10.4434251149713 
9.8571307039746 
9.0140613728596 
8.63536454046572 
9.72220056064597 
10.4928042159545 
10.4606836129029 
8.64537996344349 
9.64897815682544 
9.81763668562726 
9.20244554828807 
9.08893684818571 
9.10998982837595 
10.1678233986077 
9.42147524473148 
8.75628491398511 
9.22447642688195 
9.37093213099056 
9.62788049089242 
9.94081914060099 
10.0966010657386 
9.36487151963096 
9.87740046394847 
10.1408645888369 
10.0253187306091 
10.3913222490194 
9.15930940041339 
9.88309725442729 
10.3447251551162 
8.56036987755407 
9.13193804041189 
9.12102496310801 
10.1688813173761 
9.70762631546366 
9.64715842692611 
10.1777489894942 
9.29938454916532 
9.30014831490497 
8.50244301986386 
9.87390501203188 
10.0354616830067 
9.96107586347306 
10.3889028201818 
9.31434270772295 
9.93518023586196 
9.57160246824834 
9.33343442096698 
9.15921906985075 
9.71777334741627 
10.8577545351002 
9.6969925907991 
10.4704899897031 
10.1560945501377 
9.59043319561078 
