12.595244453913 
11.6447135314157 
11.2303250146043 
11.7270701996764 
12.1750535652441 
10.8536603006932 
13.1685538689884 
11.5744803616885 
11.29520272543 
11.0389807906837 
11.2292100567021 
12.0547536503493 
11.2154154155785 
11.9644602750715 
10.7441905374172 
11.0450494549174 
11.102101764819 
11.9425991267826 
12.3829331105663 
12.5589223237787 
11.1982217040307 
11.547430585997 
12.0290134051195 
12.2902244264979 
11.2447149565824 
10.6513323696434 
12.4608956246826 
10.9377460404571 
12.631629170331 
12.7114318429622 
12.041968535191 
12.0491317219997 
12.1663300907632 
11.1788789126216 
11.9441164373003 
11.7895505353884 
11.2364713233117 
11.5484968062451 
11.4373519167323 
13.1922488735555 
11.4250505540213 
11.1529079866368 
11.1845765322236 
11.6325068878857 
11.3440377645725 
11.0164108109343 
12.5902179777479 
11.2942739485623 
12.0945033125972 
10.9449997762628 
11.2616580521136 
11.9032413884184 
13.3696626406011 
11.3229949318066 
11.1128903231309 
12.3347393613708 
12.1294080400386 
11.530078703273 
11.1542242812522 
11.7513337020617 
12.5051467351829 
11.0591888825924 
11.1518336018416 
11.5827589543105 
11.5976390607729 
11.55051145314 
11.9849593856632 
12.0278097874545 
11.553598375888 
12.3318874216976 
10.4567188319765 
11.5892068998942 
11.4192076446473 
12.2628945439543 
11.3213874351733 
11.6183553645571 
11.7691622095935 
11.5388684379723 
11.8942624505346 
10.7249024441692 
11.6185026683536 
11.9620186350735 
10.9859874423438 
11.157458000489 
11.1880598412053 
11.7565075756678 
12.3005303985949 
12.0248763361553 
12.3867375380381 
10.7661582197149 
11.9312307424281 
11.5005433929129 
11.104062695646 
12.0972839049634 
12.5300457368335 
12.6788667446044 
11.4570812434262 
11.5844247565112 
12.0195240522311 
11.7207264103148 
