841.12805480633 
838.224587960975 
798.330887292184 
826.46173995465 
775.775220681689 
806.571171189663 
812.523774824724 
813.222328421497 
803.594869372133 
799.668402235769 
792.212749629452 
768.408956450315 
776.03676444541 
819.641738014592 
800.704645248991 
769.441888782984 
817.58249471036 
799.671712916322 
836.04616015682 
806.504957578595 
793.199332434373 
823.756913942501 
797.589294848217 
783.717543329359 
865.047721804837 
838.264316127616 
775.050181640489 
790.219719936289 
824.30648691437 
843.796463332392 
