13.2613545375636 
12.2085345631713 
11.6677369406735 
12.2358540097284 
12.6827415339023 
11.4155812139631 
13.5937693893439 
12.1650653367618 
11.9616847567879 
11.6290602490693 
11.732261594049 
12.523628169524 
11.828805180561 
12.5532758327256 
11.2183980868946 
11.6479932987819 
11.5799306347143 
12.3977572425659 
13.0887418425813 
13.2758568888775 
11.7236699777689 
12.1486186338349 
12.5259019535563 
12.7057240651598 
11.9084785190808 
11.3404046750671 
12.9385747043279 
11.4756536185144 
13.1570907379283 
13.3253270586197 
12.6388677987807 
12.6192904339742 
12.805051149856 
11.7336849484469 
12.4979525460208 
12.1415494275123 
11.9192078821301 
12.1300308094412 
11.8901961222758 
13.714776627592 
12.1532855003923 
11.7514888606081 
11.6764970667225 
12.2168329045731 
11.9490172549949 
11.4297573387737 
13.2962518264065 
11.8930061591513 
12.5516594799994 
11.440783521998 
11.8120130833705 
12.5297814788798 
13.8957748331578 
11.823636724671 
11.5258927808743 
12.9345009447907 
12.6063718391062 
12.0310113434639 
11.7302372098524 
12.4432780085084 
13.1358127510749 
11.5753645817608 
11.8019344830298 
12.1429541821753 
12.0447890669386 
12.0448404649253 
12.3777390873534 
12.6255819968913 
12.0478237687386 
12.8754544092638 
11.0339521715904 
12.1598884749323 
11.8863044795531 
12.7901803039222 
11.9834741609609 
12.2239712691666 
12.3491802754619 
12.0569735130587 
12.4366039798402 
11.3058033200529 
12.1397651240052 
12.5493331714174 
11.6169233057928 
11.6862426573415 
11.6041412182115 
12.1987611340923 
12.7948391488643 
12.5414949473117 
13.028347416339 
11.1567012726093 
12.4268838191059 
12.0727478993811 
11.6521320302586 
12.7438391913707 
13.1220693845609 
13.3407405548301 
12.0669327398305 
12.2328485503986 
12.525015331821 
12.2401799555638 
