410.186699208449 
401.900065783223 
422.869916408627 
392.517597094812 
385.297002807788 
386.151158390572 
409.064378500838 
408.038067529276 
383.790643155979 
397.582938341554 
389.624062291117 
393.093655511108 
419.261274605392 
389.342654444075 
396.414268106195 
394.533801551848 
392.057412497885 
383.370186725694 
420.847090590483 
399.195239771073 
385.399633904944 
401.641832700055 
435.533269525483 
398.248385132793 
394.249083024254 
389.504877791193 
411.504350068713 
397.536588813806 
413.073612651037 
397.159171230716 
420.102187465962 
400.168579853781 
385.664488349219 
398.010016132946 
412.765719359569 
406.237057308211 
381.724778490641 
400.089123520498 
412.865039776172 
413.295428248117 
387.498605375817 
400.883686853321 
421.214576131913 
387.111255751066 
395.096617245931 
401.370356894674 
407.899018946032 
395.639568856693 
423.654547699789 
401.69480358891 
412.755787317908 
391.077451054071 
399.546171909736 
394.967500704347 
379.016641797938 
398.884035799051 
392.527529136472 
413.484137039662 
393.964364496659 
417.18216721784 
401.761017199979 
404.502260698216 
404.75718310083 
405.896057211209 
389.84918856875 
425.988577489955 
396.907559508655 
423.541984560972 
387.157605278814 
420.009488410466 
394.239150982593 
397.44388975831 
409.03789305641 
389.130770888656 
401.131987894828 
395.421063940167 
410.3323691528 
381.754574615622 
400.224861423189 
405.442493975389 
416.937176856886 
405.144532725581 
417.764846995243 
401.92655122765 
405.326620156019 
397.619355827642 
393.497558538626 
389.554537999495 
390.047829401955 
419.787672813387 
400.830715964466 
379.185486506163 
393.226082733245 
387.819741389499 
395.238976509728 
411.524214152034 
405.233921100523 
398.761540618574 
388.839430999955 
394.027267427174 
