9.86053881199033 
9.26145625573712 
10.2084665575596 
9.68564181561845 
9.54107580570561 
9.10174871699783 
10.3135761938751 
9.74938074716924 
8.40961692090616 
9.44401334367176 
9.50603709502709 
10.0526984421387 
9.04617309996402 
9.22832373023752 
9.74694358701603 
9.99291186510541 
8.75794009365249 
9.91112955111367 
10.5887320734452 
10.7861681336916 
9.61783531904431 
10.1598650725606 
9.21061149441682 
9.60058662863704 
9.73674291616339 
10.0012412773 
10.0072145636287 
9.68941182661967 
9.52573094125963 
10.6307816711566 
9.08200062471237 
9.57663093431884 
9.56823789721465 
9.61325542853657 
10.5813410319592 
9.69514547806446 
10.5040017909138 
9.34965004052006 
9.22434354234676 
10.9506839546057 
9.43175042209392 
9.77300918362978 
9.22116111459956 
9.63855052734064 
9.22522464164475 
10.4995841803374 
10.4434249209544 
9.85713069127085 
9.01406129661244 
8.63536454046572 
9.72220056064597 
10.4928042159545 
10.4606835088547 
8.64537987923558 
9.64897815682544 
9.81763668562725 
9.20244549466872 
9.08893684126599 
9.10998974104182 
10.1678233545237 
9.42147520871347 
8.75628491398511 
9.22447642688195 
9.37093213099057 
9.62788049089242 
9.94081914060099 
10.0966010657386 
9.36487150355656 
9.87740042090632 
10.1408645888369 
10.0253187306091 
10.3913221265673 
9.15930940041339 
9.88309723071205 
10.3447250453458 
8.56036987755407 
9.13193795307776 
9.12102496310802 
10.1688812992195 
9.70762631546366 
9.64715842191607 
10.1777489894942 
9.29938441503787 
9.30014831490498 
8.5024429146455 
9.87390501203187 
10.0354615514803 
9.96107586347306 
10.3889028201818 
9.31434262703776 
9.93518023586197 
9.57160232031429 
9.33343435921338 
9.15921906985076 
9.71777334741627 
10.8577545351002 
9.6969924630532 
10.4704899897031 
10.1560944433339 
9.59043318305126 
