1190.78889213703 
1128.76329196859 
1149.40207453865 
1104.12189660943 
1095.29893293455 
1136.20570185269 
1143.95269434771 
1203.20725489294 
1096.96089457237 
1165.64096265321 
1096.0206612952 
1068.78369238216 
1139.82758637814 
1109.60438360591 
1191.75561085864 
1089.1675525496 
1091.18044632609 
1194.25517467647 
1197.10898131353 
1128.09453449679 
1192.17937796947 
1162.18461215543 
1132.8850892576 
1062.93371984425 
1171.17310985798 
1226.3124944753 
1082.32437584567 
1105.30712024756 
1116.29857968494 
1236.52594398262 
1121.02623151523 
1206.77285784898 
1228.679631071 
1243.18041189501 
1096.82846735023 
1071.27332415833 
1141.6285965992 
1232.91068081828 
1045.67183143869 
1071.45210090822 
1187.70995922235 
1184.94885164079 
1155.43744518755 
1215.7779089543 
1149.56429788577 
1128.6838356353 
1110.98162671613 
1148.26982178938 
1213.14922859488 
1046.87029779903 
1210.78540267973 
1176.62249004892 
1158.23828093574 
1125.60159204006 
1141.90338308514 
1178.59896633932 
1087.28046463415 
1136.10969211664 
1086.48590130133 
1140.41688751665 
1113.01438457594 
1159.1586501296 
1207.39857647358 
1156.96035824212 
1149.78280280229 
1140.36060594724 
1118.7319298917 
1282.68014157794 
1163.73732133499 
1216.76118107867 
1086.93284317604 
1132.8850892576 
1115.74238535196 
1136.18252708882 
1150.86870602382 
1180.02586965784 
1118.95043480823 
1164.86957408426 
1138.47020735123 
1173.62963482862 
1120.36078472399 
1197.47646685496 
1202.11473031031 
1074.78595622552 
1076.71277230761 
1093.58400040788 
1096.47753521157 
1138.56290640673 
1146.97865637354 
1060.61955413741 
1087.68767834222 
1108.46219881497 
1120.5660469183 
1168.2431575682 
1112.68000584004 
1133.07379804915 
1215.95668570418 
1179.10881114455 
1077.59010265427 
1195.87740814765 
