12.5952446088078 
11.6447142749603 
11.2303248338423 
11.7270710984039 
12.1750555032115 
10.8536614983107 
13.1685544802455 
11.5744814555181 
11.2952032492282 
11.0389808857839 
11.2292105834863 
12.0547548779042 
11.2154163695232 
11.9644609881402 
10.7441911225708 
11.0450502023323 
11.1021035786723 
11.9425991977325 
12.3829339099321 
12.5589231990658 
11.1982224941586 
11.5474313617752 
12.0290147875648 
12.2902248115833 
11.2447148595215 
10.6513333566272 
12.4608962645259 
10.9377472705784 
12.631629824553 
12.7114324268171 
12.0419695009681 
12.0491320013506 
12.1663303167791 
11.1788800703529 
11.9441178869636 
11.7895522760465 
11.2364716633869 
11.54849747179 
11.4373526930192 
13.1922485781341 
11.4250507966881 
11.1529084005645 
11.184576851101 
11.6325067801132 
11.3440378607044 
11.0164118979037 
12.5902186519243 
11.2942751485594 
12.0945047744724 
10.9450004944441 
11.2616583266274 
11.903242433651 
13.3696634131866 
11.3229954966987 
11.1128905732886 
12.3347397129845 
12.1294093913157 
11.5300788561023 
11.1542250025754 
11.7513340835249 
12.5051476203824 
11.0591888410478 
11.1518335004929 
11.5827594892714 
11.5976404567047 
11.5505108488423 
11.984960450222 
12.027810720593 
11.5535992077159 
12.3318876756476 
10.4567196908542 
11.5892074163289 
11.4192081489175 
12.2628943523492 
11.3213874315989 
11.6183561276156 
11.7691622644891 
11.5388681785807 
11.8942630450863 
10.724902861879 
11.6185035270264 
11.962019421105 
10.9859879287771 
11.1574587689576 
11.1880608192002 
11.7565086516619 
12.3005312399814 
12.0248771417962 
12.3867385178581 
10.7661589280575 
11.93123149173 
11.5005436227335 
11.1040634779034 
12.0972843650865 
12.5300461968823 
12.6788675579904 
11.4570818187104 
11.5844256929342 
12.0195248754079 
11.7207279674567 
