995.564681262574 
998.901847260428 
1025.38067032673 
990.363602113141 
960.090739132608 
954.737368677718 
1021.03043607953 
983.364823423197 
955.932524357504 
999.484527037832 
942.193200060784 
995.988448373413 
1032.5416723638 
958.703563980723 
961.193195756899 
979.534366022883 
963.653031408095 
957.349495634371 
971.486101597503 
986.973465226432 
959.835816729994 
968.993159140772 
989.443232919289 
961.375283187338 
974.839820998124 
971.820480333399 
976.296520441632 
972.154859069295 
976.263413636097 
971.419887986434 
994.597962540974 
987.248251712367 
1017.9117749982 
968.244945335698 
969.089168876822 
989.645184433048 
963.722555699717 
976.13098641396 
960.388700382417 
970.820654806264 
969.867178806877 
993.078360166951 
1033.23029391891 
994.462224638283 
961.650069673272 
994.098049777406 
1021.97729071781 
1015.86246373563 
991.240932459799 
970.886868417332 
1019.44130941389 
972.638218430095 
1001.26898385613 
975.333112400584 
981.22281310513 
970.754441195195 
1013.58471551488 
982.464318312665 
968.450207530011 
1026.70163186755 
1016.71661931842 
992.604932847811 
970.420062459299 
993.081670847504 
994.703904318684 
1032.12452661406 
977.359248899282 
1029.64482687955 
956.793301301395 
1033.29650752998 
950.827454944121 
992.191097778633 
994.220544957883 
980.722900341563 
970.724645070215 
972.250868805344 
973.081849624254 
971.936354152769 
970.294256598269 
999.848701898708 
973.244072971372 
999.246158037985 
988.784407489157 
984.430862561401 
995.270030693319 
980.772560549864 
953.843484928292 
986.920494337578 
1002.99384842446 
955.260456205159 
1017.81907594271 
952.466241818067 
1031.13132244804 
1006.78457765814 
982.063725965701 
982.656337784764 
1032.62775005819 
995.309758859961 
989.525999933124 
968.90377076583 
