12.5952446088078 
11.6447142749603 
11.2303248338423 
11.7270710984039 
12.1750555032115 
10.8536614983107 
13.1685544802455 
11.5744814555181 
11.2952032492282 
11.0389808857839 
11.2292105834863 
12.0547548779042 
11.2154163695232 
11.9644609881402 
10.7441911225708 
11.0450502023323 
11.1021035786723 
11.9425991977325 
12.3829339099321 
12.5589231990658 
11.1982224941586 
11.5474313617752 
12.0290147875648 
12.2902248115833 
11.2447148595215 
10.6513333566272 
12.4608962645259 
10.9377472705784 
12.631629824553 
12.7114324268171 
