568.185617940181 
564.285636248244 
578.269950905918 
554.373458671285 
553.045875769361 
567.32484099629 
574.55205664442 
562.911703818572 
541.55781424897 
553.83712842163 
556.777012753073 
577.8660478784 
562.732927068687 
562.782587276988 
576.978785490082 
572.578891034578 
580.69667975158 
577.131076795539 
569.327802731113 
554.879992795959 
566.212452330338 
580.061029085322 
551.277972353831 
581.209835237361 
574.18457110299 
595.068344034005 
571.039424577234 
564.689539275762 
585.593176290098 
585.656079220613 
