10.5526552341916 
9.76888265133755 
9.41561539352046 
9.80532196580242 
10.2533073234277 
9.20768172604742 
10.9486955266448 
9.59213421373488 
9.55849007880549 
9.33379868225689 
9.41494677055787 
10.039231811679 
9.33747450729852 
10.0264927770414 
9.0085101907621 
9.34843237180886 
9.19169755737616 
9.89052048585949 
10.4013159804776 
10.5690846522838 
9.30778726515408 
9.69424819579191 
10.0289660941816 
10.2307187205212 
9.55380899762612 
8.98354019429964 
10.4680854351438 
9.25672106610077 
10.569349629225 
10.6849931826856 
