1419.29868529565 
1203.59129383714 
1266.46442822726 
1176.63904345169 
1188.05095931935 
1289.6425027818 
1261.61428121649 
1305.66288597983 
1263.9450003261 
1218.68468648021 
1184.63102630766 
1150.07745337155 
1291.93680440532 
1182.36652080912 
1239.3069156475 
1162.82357350224 
1144.44598575017 
1231.25202986101 
1265.45467065846 
1247.76901514206 
1298.19067997075 
1216.22154014846 
1222.09137676968 
1205.58101284974 
1350.15181125678 
1298.55154415107 
1190.79551349814 
1192.93421313565 
1262.36249502156 
1295.25410631986 
