11.4038374249584 
10.5200310635274 
10.2158020749427 
10.6219155171195 
11.0375887330304 
9.9327330805541 
11.9168214925465 
10.4118940618985 
10.1939593822071 
10.0007345995658 
10.1831605376483 
10.9388917048406 
10.14429664998 
10.7925398851541 
9.72150376573987 
10.0318689254131 
10.0831519975671 
10.8163539907243 
11.1605654311357 
11.3630001481896 
10.1039029840323 
10.4032127649241 
10.9558607151373 
11.1632645096052 
10.2639464620157 
9.62904280467617 
11.3552146447107 
9.92211674076835 
11.4064202535317 
11.4994272754371 
10.9125887193347 
10.8387191026506 
10.9984292778428 
10.1743511849963 
10.7657185468641 
10.8271231034355 
10.1521532500829 
10.5076608220463 
10.2813086052545 
11.9825988037881 
10.3060619481189 
9.98233303461818 
10.1207063911492 
10.5522633305835 
10.2120643776025 
10.0263202994728 
11.3778988158247 
10.2383004558837 
10.905163320889 
9.87483617365086 
10.1377738413437 
10.766173754362 
12.0402969591006 
10.2323297496472 
10.0312511254662 
11.1771774025032 
10.937817362192 
10.4063181644525 
10.081743788905 
10.6786195083829 
11.2705346538389 
10.009213673942 
10.1891807701197 
10.4527488764613 
10.4750853563995 
10.4586320957098 
10.9157597849384 
10.7489556944796 
10.4239066113793 
11.1504356228096 
9.47297126760436 
10.5931502665893 
10.3552143051491 
11.1192156839461 
10.3882461144353 
10.4285126374412 
10.5788987782362 
10.5292880531853 
10.7647387049742 
9.65440722639153 
10.5398665375529 
10.8431437927572 
10.0016526549099 
10.0410233188317 
10.2083751459297 
10.5715632305885 
11.0947641944905 
10.866854040742 
11.2377830245632 
9.91207343415687 
10.9440640452244 
10.396779868139 
10.0517382229026 
11.0114415610796 
11.3633459351633 
11.5487323599569 
10.3291731731528 
10.5506155208689 
10.8777377686536 
10.5486329371289 
