836.814238045215 
797.261537473428 
840.691044973278 
793.762148128456 
780.708134706295 
785.687398258648 
801.240975498646 
843.207162193882 
843.518366165904 
799.665091555215 
798.556013569817 
788.908690437132 
783.906252120905 
803.929248108029 
798.373926139379 
808.150365813648 
792.669623545825 
799.254567166591 
820.562107208444 
811.934473686214 
798.407032944913 
819.926456542186 
810.500949006581 
770.418539546245 
831.828353131755 
826.097565093773 
785.03188350907 
794.070041419924 
781.00278527555 
829.242711619529 
796.523255710013 
805.326355301575 
805.554792259761 
826.852400259955 
785.86286432798 
765.763722688127 
822.399534915596 
858.747496711666 
803.770335441464 
794.98378925267 
844.713521845691 
820.479340194608 
829.891605008 
818.343951237648 
828.487876453347 
815.278261045175 
793.364866462045 
798.579188333691 
794.232264767042 
799.264499208251 
816.304572016737 
820.303874125277 
821.697670638269 
875.06915184006 
793.861468545059 
789.113952631445 
823.541719706528 
812.914435130029 
822.740535012599 
801.224422095879 
815.675542711586 
796.715275182112 
847.683202302115 
812.834978796746 
788.266418409768 
779.433522693225 
770.352325935176 
848.45128019051 
847.981163551923 
805.448850482052 
839.866685515475 
821.416262791228 
778.205260207904 
800.320606304794 
842.710560110868 
811.692794005814 
813.940746101591 
820.846825736039 
812.917745810582 
821.614903624434 
792.368351615463 
834.053130463657 
884.994572139233 
829.749245744203 
847.974542190816 
813.483872185218 
842.356317291651 
875.628656853589 
814.526736559547 
774.464191182532 
792.749079879107 
852.735300826644 
805.177374676671 
812.84822151896 
826.299516607532 
799.045994291725 
844.792978178973 
787.190447229904 
740.966725342962 
785.260320467256 
