407.524912043494 
401.433259825189 
405.81991155848 
409.100795986925 
409.219980486849 
397.821307341401 
398.430472563231 
422.846741644753 
397.529967452699 
395.089995884824 
387.548265584118 
401.108813130954 
385.36652709941 
401.804056047173 
392.487800969831 
408.945194000914 
397.751783049779 
403.482571087761 
400.152026451013 
406.05165919722 
402.896580629804 
408.084417057023 
393.990849941086 
401.343871450247 
400.542686756318 
391.236363720636 
398.192103563385 
388.846052361061 
406.425766099757 
411.173282013371 
