12.3885353430132 
11.3984377897714 
10.9212040643165 
11.4479597007041 
11.8664683029638 
10.683026746268 
12.6745955711977 
11.3678401002844 
11.1698887138197 
10.8405738357928 
10.9476388000223 
11.7145397991372 
11.0615608456349 
11.6966701867016 
10.4488312796603 
10.9001618013946 
10.8326036664731 
11.6048356761876 
12.2177384099351 
12.4176352931561 
10.9214186898602 
11.3229908698978 
11.7164343413649 
11.8662176169852 
11.1642684187347 
10.5680334793369 
12.1309878749599 
10.7313075726087 
12.2754639392763 
12.4095746377793 
