8.81556739635787 
9.1949558431416 
8.37514127405777 
9.6089078559832 
9.54197985363028 
8.41144987412533 
8.66493447788202 
9.23930848605452 
8.3771431870495 
9.36664274786503 
9.77966319375421 
9.9422659448718 
9.56320936004018 
9.65871506676056 
8.54970647680866 
9.08069645146814 
8.98566284915822 
9.3806967071182 
8.56897083798376 
9.18134675755898 
8.35732357361628 
9.14255517534844 
9.06380972296346 
9.21147311948155 
9.38109401348307 
10.403997707428 
8.52561239706209 
9.36822559733729 
9.31831716200927 
8.67024606681583 
9.69068446876248 
8.92448932340703 
9.61198348658821 
8.6394786743456 
9.64823699788383 
8.38761556624655 
9.26690958666457 
9.31373962449023 
8.91280867564755 
8.28902344803863 
9.0291614570417 
9.33537486171888 
9.25832682979173 
8.63434131841701 
9.6270926314063 
9.75443678992101 
8.7730444878138 
8.74138345163689 
8.51060436775826 
8.94908412855951 
9.9086043846806 
8.97122672745171 
9.26229714359239 
9.01619215085121 
9.63982450147534 
9.46657306690634 
9.20773090236959 
9.06357804217817 
8.77419567345632 
8.98036272004821 
9.72728612645166 
9.02765500179837 
8.55063377389466 
9.60809924181874 
9.75581214075274 
9.78357235542344 
9.12199038540337 
9.78948233363091 
7.88314573585524 
9.35121032421956 
9.1312449880817 
9.82254688409318 
8.71274701249724 
8.4534869978955 
9.6459039858425 
9.3309498930494 
8.86062852123099 
8.74211537468742 
8.80953340979803 
8.90218593825779 
9.16649627989244 
9.82139679546582 
9.54622240973426 
8.84375693935319 
9.28657293971443 
9.70843633270258 
9.36980545358383 
8.97861773080021 
8.49102732599861 
8.62197369612325 
8.90212825516745 
9.22347131346375 
9.29874745589563 
9.06224399343731 
8.86153505799984 
9.82731578149379 
8.44003326871772 
9.07766067024679 
9.35357734582993 
9.51665720922633 
