7.97032146452625 
9.38350928287175 
9.59627560681111 
9.02304326755616 
9.11975601533742 
9.03163896305208 
9.52400583771972 
9.17698691860643 
8.15889563348307 
9.24802521201322 
9.39652613609195 
8.55488235674592 
9.5505508100461 
8.68227210294492 
9.45291248785513 
9.47453545436529 
9.91326956892014 
8.17316809250353 
8.91932161017417 
8.96054030066424 
9.55117957964992 
8.8353032516143 
8.69568065514053 
8.81286707071648 
9.50709545027715 
8.65756273617007 
8.29884076048739 
8.43138769898707 
9.13644135507972 
10.2091118192193 
