971.691363791815 
985.510144421818 
1018.3388527896 
976.419015622108 
966.1691486287 
967.592741266673 
992.720806667181 
981.517463674385 
968.145624919095 
953.05885363713 
977.408909107583 
963.431215811016 
960.047700285414 
963.600060519241 
961.451428840067 
985.745202741111 
982.242502715586 
989.446543599842 
966.364478781352 
984.404377116973 
974.316733470682 
977.256617802125 
1008.78422871241 
987.619047934351 
978.49812300966 
945.659482600222 
968.950120293578 
967.536459697265 
994.356282860574 
960.776050007168 
976.054840761231 
988.618873461485 
979.497948536795 
954.164620941975 
959.878855577189 
1015.64726949966 
972.075402736013 
988.122271378471 
979.054317342636 
1006.99977189411 
956.094747704622 
991.932864695465 
967.092828503106 
958.465194980876 
988.029572322975 
1003.19579993822 
964.146322810556 
960.444981951825 
994.011972083017 
996.48836113698 
963.388176963821 
1006.91700488027 
1056.91821327868 
1028.45960324142 
951.082377346735 
967.47355676675 
990.784058543426 
986.860902087616 
985.685610491149 
964.248953907712 
945.047006697838 
982.212706590605 
967.950294766443 
960.163574104784 
964.838255046222 
998.504565594017 
962.239370811782 
981.156599494062 
980.27595846685 
1027.31410776994 
987.549523642729 
962.987584616857 
941.074190033726 
963.23257497781 
967.301401377972 
960.802535451595 
952.055717429442 
983.387998187071 
988.079232531277 
969.767858390274 
949.691891514295 
993.634554499927 
1003.14613972992 
993.250515555729 
1044.07608341193 
989.036019211217 
1030.4228368096 
991.257485862566 
986.966843865325 
960.951516076499 
965.377895976431 
1005.36098502016 
961.077321937529 
972.012499805498 
978.094219982142 
1022.81489289783 
973.836684790436 
960.577409173962 
949.456833195002 
1018.88511508091 
