1198.56899143759 
1162.19454419709 
1179.51933553317 
1150.22643399645 
1102.42351748552 
1149.7463853162 
1188.37871669414 
1212.98700524776 
1163.30362218249 
1144.88630626377 
1144.01559727822 
1096.2193021284 
1205.60087693306 
1133.95774975691 
1197.30431146618 
1100.41724507015 
1161.92306839171 
1183.28689000297 
1213.03666545606 
1150.77600696832 
1199.16822461776 
1136.7453427829 
1232.2055058604 
1085.89660016282 
1206.39544026589 
1174.20238256437 
1166.64078818034 
1126.08495140086 
1146.06490854079 
1188.92497898546 
1160.10550476788 
1190.28566869291 
1204.68050773921 
1189.72285299883 
1140.49965453048 
1068.85983803489 
1183.88281250259 
1216.44335574554 
1097.61640932195 
1106.24735352473 
1225.73643605901 
1177.11578145138 
1184.78000693257 
1230.414427681 
1173.00060552347 
1113.29579242298 
1134.03389540964 
1171.79220712147 
1181.30379235147 
1074.98128637817 
1227.60697057169 
1270.85107996055 
1212.8843741506 
1339.25636155545 
1195.09277685649 
1226.06750411435 
1155.91087250669 
1143.88979141719 
1129.95513696782 
1196.69183556379 
1143.71101466731 
1165.42907909779 
1240.5153140495 
1163.32348626581 
1145.96227744364 
1123.34701858318 
1066.75424520291 
1259.70732921772 
1197.6651756465 
1210.67615022147 
1129.67041844023 
1132.16667157751 
1091.48171825645 
1193.83140756563 
1184.78662829367 
1176.44702397959 
1146.48205429053 
1237.11855580169 
1173.46741148151 
1112.76277285388 
1104.93963470613 
1278.73712103881 
1223.49179464378 
1139.47996492003 
1142.26093658491 
1153.63643496648 
1167.11421549948 
1150.07745337155 
1164.24716614021 
1098.2454386271 
1168.33916730425 
1154.21580406333 
1120.93022177918 
1200.17798218655 
1177.23496595131 
1159.23479578233 
1201.24402132476 
1138.51324619843 
1078.50716116757 
1158.74150437986 
