562.550839638249 
543.362135150588 
557.422595460991 
562.425033777218 
544.593708316463 
549.761680660362 
549.804719507556 
576.91919324012 
559.690411640088 
563.352024332178 
560.077761264839 
539.107910639435 
559.836081584439 
547.34488385636 
544.332164552742 
556.538643753226 
543.802455664194 
558.93888715446 
579.657126057804 
537.363181987779 
554.095361504797 
562.292606555081 
543.411795358889 
552.42677850587 
547.858039342141 
559.819528181672 
562.044305513574 
540.528192596855 
541.739901679409 
579.941844585398 
