9.55254100905361 
8.78185450264449 
8.61207706442683 
8.80896672487364 
9.25247246172953 
8.35137960095988 
9.96113753941596 
8.65733009747299 
8.57547379976888 
8.36419035151074 
8.52975788954496 
9.07703776137009 
8.44050305916454 
9.01433127978613 
8.09066663961501 
8.47557017633823 
8.38632089806381 
8.99798027098828 
9.35708127398277 
9.52723428211772 
8.32964419635232 
8.66427678197612 
9.10419540497773 
9.26530814143989 
8.72348068196492 
8.00432173340105 
9.62189161067375 
8.26986028472689 
9.52459294000033 
9.54244978381747 
9.23361493907488 
8.91655056240601 
9.205578474813 
8.5306373760914 
8.89345792940928 
9.18711317488262 
8.49767686886563 
8.84794536919927 
8.38662657092398 
9.99932502485276 
8.63398190152907 
8.26819763612617 
8.55095304431845 
8.88155209448117 
8.44843283491437 
8.34838932636149 
9.55792291632027 
8.59106886124263 
9.04276015226866 
8.24256091332805 
8.43774888481624 
9.00907730165037 
9.93493037634589 
8.55437597641276 
8.35222503988809 
9.32078431301381 
8.9826481216014 
8.53233996935879 
8.44394190080186 
8.93261802338292 
9.36463641894064 
8.34412891727602 
8.63136344867169 
8.55049652681551 
8.60953057527821 
8.67894353390581 
9.25120901334178 
8.88530187037087 
8.69514560156907 
9.28327010213234 
7.92932727732043 
8.99261680836162 
8.60977759943211 
9.27563138609908 
8.75726745466948 
8.60675506749761 
8.79855715096218 
8.77399500803856 
8.96203971737662 
7.98649076724604 
8.84069902423339 
9.06857473850884 
8.46383186340961 
8.35034985747516 
8.66483389510458 
8.63923013610534 
9.23312909130827 
9.01055362288949 
9.49069495513106 
8.25438779972538 
9.29199521366128 
8.68411944680654 
8.40824381965368 
9.25509062595704 
9.58063535830699 
9.72950834386709 
8.54671419944172 
8.90311387475781 
9.02879070921155 
8.68096405953744 
