1592.33140442049 
1525.49207472736 
1455.55063735567 
1429.07181428936 
1466.72087354293 
1451.37255849724 
1467.59158252848 
1466.42291229312 
1424.97981312533 
1437.62661283942 
1454.79911287004 
1411.41926557849 
1448.03870317994 
1456.23594823023 
1456.15649189694 
1411.24711018971 
1450.29989799793 
1350.73449103418 
1498.69542632792 
1388.07565699628 
1473.46472983026 
1415.75956778403 
1540.5093217177 
1537.94685496935 
1486.71076272452 
1486.30023833589 
1481.06936306148 
1397.80243646225 
1443.18193480806 
1427.91969745677 
1536.71859248403 
1429.12809585877 
1379.99097508481 
1456.07041420255 
1545.56804160334 
1487.61126783505 
1461.97666830987 
1580.44937191424 
1470.87577763748 
1476.87473080029 
1618.60165461193 
1529.08085244727 
1491.65029811023 
1462.30442568466 
1519.50305360621 
1469.5945442633 
1448.50219845742 
1489.2566760701 
1473.76269108007 
1476.41454620336 
1566.9318632146 
1493.30563838694 
1479.88745010391 
1486.99217057156 
1492.96463828994 
1434.14708757776 
1423.44365734854 
1466.82350464008 
1401.34155397386 
1460.33126007481 
1466.75729102902 
1471.32271951219 
1487.35634543244 
1385.55291841457 
1596.59887165385 
1416.97458754714 
1395.42205714433 
1500.07266943815 
1480.04305208992 
1517.70204338514 
1424.41368675069 
1386.28457881688 
1374.3264006579 
1474.27253588529 
1432.58113567599 
1442.90052696102 
1450.71042238656 
1419.60657858711 
1459.24535685329 
1473.5971570524 
1502.73776728366 
1461.77802747666 
1475.50410905117 
1412.28666388349 
1432.82612603695 
1567.04111567286 
1511.61039116684 
1487.86950091822 
1506.43248678128 
1688.61592695579 
1508.88570107137 
1523.38979257593 
1541.49259384207 
1518.64558734287 
1507.44555503063 
1501.97300007581 
1472.9283995806 
1433.78953407799 
1539.42672917673 
1434.33248568876 
