843.581269096419 
771.732879725955 
825.627448455187 
760.728177566365 
756.523613263513 
800.717887971205 
832.824867978336 
828.719624092087 
869.894558135054 
848.990921120718 
854.672048950398 
750.001572573263 
804.088160774593 
854.115854617423 
803.962354913563 
816.301261336184 
908.516957471329 
936.863004369767 
991.197893612605 
823.174234165098 
779.085901235116 
783.508970454494 
762.439799412487 
745.654649006614 
862.892468764557 
790.842127880333 
793.407905309239 
749.746650170649 
758.480225470588 
761.314168024322 
