9.55254047436861 
8.78185426696071 
8.61207698614134 
8.80896691627571 
9.25247236141855 
8.35137963450944 
9.96113783384222 
8.65732975003857 
8.5754734589476 
8.36419033914323 
8.5297578677535 
9.07703770677399 
8.44050266276152 
9.01433089818617 
8.09066623116297 
8.47556979959625 
8.38632079853344 
8.99798021389078 
9.35708085536478 
9.52723432729975 
8.32964439041521 
8.66427659793172 
9.1041951456216 
9.26530835139824 
8.72348058482312 
8.0043220524964 
9.62189121207549 
8.26986013319005 
9.52459273565636 
9.54244968265416 
