372.087387399616 
388.210401694804 
380.49651600532 
370.620755914448 
375.739068050046 
380.844137463429 
387.147673237154 
387.078148945532 
381.877069796099 
385.512197043761 
380.953389921692 
363.645151988378 
402.231133838565 
384.201167544604 
376.116485633136 
381.11561326881 
395.662743620567 
406.299960238727 
388.581197916787 
414.142962469794 
369.763289651111 
359.573014907663 
369.726872165023 
377.195767493553 
421.641653923305 
347.343360943306 
394.4874520241 
372.209882580093 
393.855112038396 
362.638705100137 
