10.3126745423038 
9.4910154696397 
9.17869231222969 
9.57118506037051 
9.89687051653978 
8.95082316059872 
10.5436019765367 
9.45505514625848 
9.28926345401204 
8.95283312276805 
9.09138698384935 
9.8008612845922 
9.16305771565486 
9.68127767147728 
8.68437646590516 
9.1111651485181 
9.03427608598653 
9.7313504901644 
10.0847992308633 
10.3404120873095 
9.0299050767056 
9.34594112892702 
9.84029853505233 
9.92335002754378 
9.39007957193033 
8.70344615886744 
10.2016530468725 
8.94831289530985 
10.2078861886382 
10.2509004269695 
9.92882262328361 
9.82531449774618 
9.93924818255305 
9.04307043153427 
9.5824951482546 
9.66221884273021 
9.25677200030064 
9.44984510846145 
9.14993652970774 
10.7750078661991 
9.225012744886 
9.02219694943447 
9.14565027549154 
9.4602066154405 
9.18607695683945 
9.0516305430209 
10.2841607164274 
9.20570074731426 
9.7157142991212 
8.85490426034486 
9.12977349605779 
9.8321193729815 
10.7884514412588 
9.11717254673831 
8.86982629495346 
10.143153234008 
9.78798395833901 
9.43369526864997 
9.08480978531257 
9.62209362939572 
10.1471686064857 
8.97470931589671 
9.2017501954782 
9.26625657875244 
9.25585277341844 
9.39513414158942 
9.80038589127141 
9.67949898925281 
9.29885619186107 
10.0582884577313 
8.47604149614954 
9.51699713277212 
9.23504723546067 
10.007099468231 
9.35479663721539 
9.42080070665136 
9.59651561431965 
9.43832037688118 
9.66095862945563 
8.6939046913984 
9.49446184237 
9.76860589430647 
8.94687346202158 
9.12003529071177 
9.17322386150672 
9.4616867107441 
9.84663595791006 
9.7659003935885 
10.0845331046293 
8.91341440893668 
9.75720526398479 
9.40305339949559 
9.00190904433122 
10.0084876258719 
10.2083666404467 
10.345543425398 
9.242091614771 
9.54315118159556 
9.80334582329911 
9.49943098574029 
