1000.47442052331 
989.681601919135 
1022.10971793995 
987.109203129123 
1001.44776060601 
1002.40785796651 
1032.01196347525 
1003.06999407719 
1018.18987216469 
1012.72062789043 
1010.08863685046 
987.963358711907 
1035.28291586203 
1068.39303207685 
1020.34181452442 
1016.48156099912 
1031.03531271199 
1042.84119956551 
1006.13899495022 
1091.37908715929 
993.157816500233 
954.60494145558 
999.520944523919 
1018.44148388675 
1069.38292556233 
938.389228104897 
1028.26758376932 
986.837727323742 
968.099275391347 
949.539600208838 
