1280.08456802406 
1246.44143224014 
1280.82947114858 
1257.99239669104 
1252.91381272208 
1424.96988108367 
1308.0531973394 
1322.17987126088 
1267.35831197668 
1308.99343061658 
1278.90596574704 
1238.33357556479 
1299.34610748389 
1255.97288155345 
1318.67717123535 
1301.16036042717 
1374.02512872754 
1570.18626219862 
1319.96502597063 
1548.47150844869 
1239.36319721691 
1224.01819285178 
1295.01242663946 
1247.88157828088 
1463.34729005899 
1302.46145788467 
1196.76467053597 
1233.2152634292 
1259.22728053747 
1232.7881856378 
