9.55254100905361 
8.78185450264449 
8.61207700060617 
8.80896672487364 
9.25247238549136 
8.35137954752975 
9.96113753941596 
8.65733009747299 
8.57547379976888 
8.36419035151074 
8.52975788954496 
9.07703776137009 
8.44050305916454 
9.01433127978613 
8.09066663078112 
8.47557004452404 
8.38632082182565 
8.99798027098827 
9.35708119222002 
9.52723428211772 
8.32964419635232 
8.66427678197612 
9.10419540497773 
9.26530814143989 
8.72348068196492 
8.00432173340104 
9.62189161067375 
8.26986028472689 
9.52459294000033 
9.54244978381747 
