8.25534949451272 
7.72177362152503 
8.53365015713555 
8.09313811685916 
7.87889063890225 
7.64973491492319 
8.64410407785446 
8.10036733651605 
6.98311387159199 
7.94003416939814 
7.9337425506584 
8.45410555888504 
7.60367769937445 
7.7369536190084 
7.96557048095639 
8.25320367899436 
7.25561797175734 
8.19044168555874 
8.81340185232617 
9.00305381892556 
7.96612772600473 
8.41559772732777 
7.73561055452666 
8.12223150070828 
8.14724391437278 
8.15760823988514 
8.39650141935529 
8.05569109351974 
7.9359425836165 
8.83781738928694 
7.57237387925802 
7.85486685110354 
7.91589098621141 
7.88237938340131 
8.66492338395773 
8.19689412048991 
8.70221774550487 
7.71715578553797 
7.67866510701315 
9.13409392900695 
7.77736270981645 
8.21683799472897 
7.76323420066976 
8.04783267408157 
7.60996724893282 
8.7756398817685 
8.74119162745243 
8.20861110176036 
7.60831796560772 
7.21568382925625 
8.12418974394017 
8.80121934316455 
8.7289130934557 
7.19087334745975 
8.05236195058066 
8.06838587739398 
7.72210954798481 
7.58147434305715 
7.55934781434127 
8.51475993424193 
7.81076446595322 
7.25606686638076 
7.59895763200967 
7.60285172382313 
8.00108576020206 
8.27002755466811 
8.49612560188358 
7.6654774392423 
8.26029508639649 
8.45286237556594 
8.27601840760088 
8.61860362324466 
7.57416476992799 
8.33243033417096 
8.57985636780791 
7.03898397416221 
7.61158387592966 
7.57295979553733 
8.52665140883729 
8.01271048759298 
8.17977518276183 
8.5129746918896 
7.83575078522225 
7.77504419309985 
7.19178907283073 
8.26899573301321 
8.36050997409099 
8.31929363791059 
8.56955730933115 
7.84239062164025 
8.32604790410972 
8.05067719631452 
7.82879903738481 
7.61222199662584 
8.00832410561395 
8.92794936970099 
8.02153675449028 
8.65041925880797 
8.52834911063218 
7.98204819092983 
