533.870414003914 
539.127774722755 
556.475740822711 
520.773361734558 
502.041531163271 
514.122204502724 
501.319802802624 
545.146591968885 
528.963985423736 
524.471391912736 
507.851775534534 
504.402046397864 
544.25270821946 
506.918163618468 
538.68745420915 
515.184932960374 
513.870592780664 
525.563916495367 
519.929138193434 
520.174128554388 
510.304989824623 
520.170817873835 
527.388101480305 
499.959113095165 
500.319977275489 
523.819187843711 
500.581521039209 
504.971483453053 
501.766744677336 
542.623853387174 
510.920776407561 
512.211941823397 
510.556601546684 
525.769178689679 
538.051803542892 
543.911708122457 
531.556248297069 
516.194690529169 
527.871460841105 
536.724220640968 
525.507634925958 
528.874597048793 
514.228146280434 
516.085438070906 
507.583610409707 
513.231631433852 
509.046931214321 
524.348896732259 
516.390020681821 
494.413723168176 
558.809770612876 
517.505720028326 
540.021658472181 
521.534818261846 
522.422080650165 
512.009990309638 
528.477315382382 
531.685364838652 
517.101817000808 
513.622291739157 
506.573852840912 
554.499264532315 
495.542665236894 
502.557997329605 
521.279895859233 
527.801936549483 
515.433234001881 
520.164196512728 
512.980019711792 
548.606253147216 
512.609223489808 
512.854213850762 
524.027760718577 
511.387582365594 
527.282159702595 
524.673343426495 
527.977402618814 
500.710637580793 
533.181792448801 
518.10826388905 
503.706803481644 
527.891324924425 
512.817796364674 
519.04518648567 
549.788166104789 
545.202873538293 
543.365445831141 
560.355858431327 
543.819009066961 
689.945827334104 
518.992215596815 
538.786774625752 
508.17622222877 
527.725790896754 
527.004062536107 
502.372599218613 
535.452919308452 
516.356913876287 
509.861358630464 
541.928610470954 
