7.50653201128404 
8.85878817507133 
9.05512382256643 
8.48620567255284 
8.56597797350427 
8.51606573890127 
8.94433726989289 
8.68438357743947 
7.72213401931351 
8.73281372321434 
8.85710096360419 
8.0339259952594 
9.02094897617764 
8.1895286124639 
8.8822603315128 
8.92883578506556 
9.34342342689629 
7.71631710648017 
8.40807519619731 
8.42678888622117 
9.03305127325451 
8.34266091906185 
8.17469109503578 
8.29286939544953 
8.94298339496224 
8.12055133019842 
7.84774671157488 
7.9198315147389 
8.65092259680568 
9.63218787934164 
