1656.90622861507 
1518.03311144049 
1363.71898016472 
1366.50988387126 
1382.95403418013 
1392.3464349102 
1398.0474268232 
1444.66843037655 
1350.32396664556 
1323.03402684366 
1344.12637264954 
1403.91726344443 
1435.93816575717 
1418.01083056036 
1329.87389286704 
1299.84270956691 
1433.9881749112 
1384.05980148497 
1349.09901484079 
1324.31194953728 
1362.92772751245 
1295.23755291709 
1471.74979730358 
1428.46264906753 
1399.00090282259 
1398.71949497555 
1377.52782875306 
1320.75958930346 
1433.8954758557 
1343.14972188628 
