847.885153815874 
838.966180404943 
850.166212717185 
792.629895379184 
787.339427854808 
813.828182962774 
820.290631403063 
819.909903139419 
857.148438004362 
829.232779577868 
801.674674651145 
810.613512145397 
806.839336314491 
841.439258778352 
796.271643987953 
843.078045652298 
836.671878781418 
856.115505671692 
833.003644728221 
807.378977244699 
806.077879787203 
821.214311277469 
838.234520002635 
812.487357338637 
848.318852968373 
820.873311180466 
777.11935698638 
804.581452177054 
803.647840260988 
809.967929437479 
810.404939270531 
829.083798952964 
819.919835181079 
826.56768173236 
786.806408285706 
783.204387843578 
818.598873640262 
808.580754285593 
795.722071016084 
799.284363291571 
829.712828258115 
787.832719257269 
798.195149389494 
854.715087797593 
807.054530550464 
776.248648000829 
813.692445060084 
807.713355980595 
840.41294780679 
768.25004378375 
812.854842880067 
835.43699493499 
832.788450492249 
804.654287149229 
811.894745519573 
830.093556521759 
813.480561504665 
867.411547719984 
829.424799049967 
768.140791325487 
804.740364843618 
801.992499984274 
815.354406697904 
815.516630045022 
822.594865068248 
843.458773915943 
780.867047372859 
852.844553284907 
810.94458020074 
834.665606366041 
799.271120569358 
818.704815417972 
819.277563153715 
798.781139847451 
804.293422968906 
818.618737723583 
826.70341963505 
822.386292193382 
793.454254836987 
814.354581170769 
829.487701980482 
833.4174797974 
827.891953953731 
832.23887752038 
828.669963883786 
810.027521687441 
860.025419405289 
817.175281002289 
813.685823698977 
778.595920513209 
803.03205367805 
793.56350729525 
848.20960051011 
841.379666528391 
811.454425005968 
813.844736365542 
874.738083784717 
833.258567130835 
870.705674870643 
852.116203563153 
