9.77935136764797 
9.02039512979915 
8.76803138032949 
9.05043991822996 
9.49406185763183 
8.557596688652 
10.1344592051169 
8.86139104142308 
8.83390912866985 
8.6167255557038 
8.72249785481956 
9.26636967606686 
8.63555462154639 
9.25020859086231 
8.29796863618488 
8.68400590530503 
8.52564370927089 
9.16807232483725 
9.59328142339642 
9.77074417225565 
8.56456746641693 
8.91980447907903 
9.30688082980125 
9.45994047923671 
8.91406584251939 
8.27271401919299 
9.76800167139298 
8.52463200301741 
9.76671698422974 
9.81748669346954 
