10.6718641889743 
9.84075176353819 
9.42915153417236 
9.90339325946709 
10.2616282756165 
9.25513100690929 
10.8420909926909 
9.75652421096962 
9.66315651317511 
9.34714968383481 
9.37947794431793 
10.0800759480348 
9.49474164294473 
10.0473946684295 
8.97360805998734 
9.44167515124304 
9.25599820885781 
10.0122216881546 
10.4986463712329 
10.7343235949289 
9.35271843648945 
9.76541405590971 
10.1407868332087 
10.2075781185015 
9.69027058761393 
9.10719292932405 
10.4518102782414 
9.31081666660358 
10.5656778927766 
10.6818102248439 
