394.881423009958 
383.737672267124 
385.439362071586 
404.720765614742 
370.160571317522 
374.874980425601 
384.714323030385 
363.403472307978 
362.522831280767 
359.682267365927 
370.481707331204 
363.866967585458 
383.09540023976 
376.785243104928 
381.218244365967 
362.221559350405 
381.896933879419 
388.273304625319 
435.483609317182 
375.854941869415 
390.514635359989 
383.860167447601 
386.455741001487 
411.408340332664 
366.839958722435 
425.223810282113 
372.938232301847 
384.770604599793 
373.153426537819 
391.060897651304 
