8.3052357504579 
8.71243895261959 
7.86682579006959 
9.03195460545767 
8.99255603094415 
7.92255973540339 
8.14658694452196 
8.72977013102425 
7.89505762351106 
8.85922362528728 
9.19110998515379 
9.39786002934281 
9.00364224393413 
9.12111690675244 
8.04793016424558 
8.54782275567836 
8.45529788786927 
8.87254842366611 
8.07207447543697 
8.65122467088057 
7.84308338888365 
8.64391993268974 
8.52656206709606 
8.70599612729013 
8.81439495132931 
9.82193673985601 
7.98355809902725 
8.84037410386494 
8.82007817416398 
8.147744243485 
9.1444848420594 
8.38685836083026 
9.04204106857836 
8.11875287841003 
9.0850882806564 
7.91734395477015 
8.73889912743388 
8.8052579663673 
8.41902025233468 
7.79128857654518 
8.55706712650269 
8.74922873824384 
8.76282336260695 
8.11084047673902 
9.09981333645742 
9.19564869746327 
8.2546643861079 
8.20902876104384 
7.99165251965813 
8.3682680718647 
9.33701623606603 
8.47468535455119 
8.71332668322939 
8.50304524931374 
9.09463780880031 
8.9490659274327 
8.66927494437457 
8.52576064028452 
8.27465610656816 
8.45946547562425 
9.16532600824961 
8.5407810840376 
8.02214003198721 
9.01999787100016 
9.20706270680561 
9.22921035114945 
8.59412033238689 
9.25576863939329 
7.4354801421169 
8.79814883643373 
8.57469419340253 
9.23859501179416 
8.22681485185253 
7.95594830087196 
9.04778440776485 
8.79529705707615 
8.34025322335782 
8.25617934302196 
8.23807029527828 
8.40401270129874 
8.63283780111446 
9.28653854680284 
8.97546033662504 
8.33829504356374 
8.77190577774416 
9.17466840918744 
8.82518623479692 
8.45302283738286 
8.00198967370165 
8.0930464249203 
8.37155655823941 
8.70934226558634 
8.76471493871446 
8.56700574411982 
8.36693231324629 
9.27856939938223 
7.93663286829289 
8.57885044581366 
8.85840476754897 
8.97658933530996 
