1315.98889862597 
1211.90110202624 
1204.94867286404 
1319.86901623458 
1154.06351275787 
1221.11141532587 
1206.32922665482 
1259.73381466214 
1245.17344158817 
1272.36075029291 
1219.94274509051 
1190.15324147078 
1224.59094058752 
1252.5430165001 
1245.85875246273 
1211.9110340679 
1167.39893402708 
1192.99049470506 
1226.18006725316 
1170.7029932194 
1298.3363499151 
1186.54459966754 
1201.68103115781 
1136.10638143609 
1211.29855816551 
1240.5086926884 
1157.16562043643 
1183.64775418329 
1240.58152766057 
1249.58326808534 
