1036.47145018071 
977.518161565846 
1009.85688921172 
992.55527263951 
988.228213156181 
955.392883427296 
1022.13289270382 
960.458224674039 
972.307150374753 
1000.82535266197 
972.360121263607 
970.744509153535 
990.251038974325 
970.079062362296 
964.358206365975 
997.246506983715 
1064.65196305148 
1010.20119998927 
986.735096226586 
973.300354540781 
966.182391350913 
1019.85845516362 
977.855850982295 
972.644839791202 
977.124190579988 
981.765764715892 
961.143535548598 
1024.36098071628 
975.515199831023 
976.35280201104 
