9.77935172677447 
9.02039508944578 
8.76803155986498 
9.0504398775519 
9.49406240776583 
8.55759657514283 
10.1344590244124 
8.86139107040486 
8.83390936170907 
8.61672498012152 
8.72249807451983 
9.26637027439473 
8.63555482920548 
9.25020897923376 
8.29796861097764 
8.68400631747342 
8.52564392870338 
9.16807193676751 
9.59328119586266 
9.77074440586477 
8.56456741879135 
8.91980444353354 
9.30688068138861 
9.45994050268734 
8.91406637599641 
8.27271405396076 
9.76800176789831 
8.52463258769979 
9.76671757404979 
9.81748647563228 
