535.39332705849 
526.096936064468 
544.299057747208 
526.269091453246 
511.179009490728 
535.052326961487 
541.038037402083 
528.030373507669 
509.930882922086 
572.903337728814 
513.996398641694 
553.045875769361 
513.052854683967 
530.410752825583 
528.017130785456 
513.959981155606 
545.659747454666 
551.085952881732 
533.052675907217 
539.826328319528 
528.682577576694 
527.126557716584 
531.013296686307 
545.302193954896 
554.661487879433 
558.793217210109 
516.472787695657 
535.39332705849 
535.168200780857 
519.137885541165 
579.269776433053 
525.289130009432 
544.580465594249 
552.605555255755 
513.25811687828 
554.32048778243 
513.996398641694 
533.900210128895 
509.334960422469 
536.138230183011 
545.68292221854 
510.000407213708 
521.985070817112 
543.481319650511 
531.854209546877 
509.341581783576 
547.076718731533 
530.867626741956 
539.882609888937 
544.941329774572 
534.304113156413 
526.461110925345 
535.343666850189 
524.120459774073 
517.158098570216 
531.543005574855 
517.081952917488 
550.635700326466 
539.369454403155 
525.467906759317 
515.694777765602 
515.095544585432 
569.874065022428 
516.985943181438 
546.484106912469 
529.761859437112 
539.650862250197 
532.612355393612 
521.230235650931 
547.172728467582 
513.367369336543 
539.435668014224 
532.244869852181 
517.072020875827 
535.158268739197 
532.807685546264 
504.306036661814 
546.652951620694 
522.892197288751 
533.1321322405 
539.028454306153 
551.94341914507 
538.319968667719 
535.449608627898 
545.139970607778 
521.554682345167 
547.46075767573 
532.923559365634 
532.08926786617 
508.258989242606 
540.657309138438 
543.017824373032 
540.021658472181 
527.646334563472 
527.500664619121 
506.428182896561 
538.035250140125 
550.874069326313 
513.271359600494 
528.907703854327 
