1702.07053272492 
1539.74786519041 
1589.99075326921 
1538.87715620486 
1534.7090093881 
1454.24291853706 
1638.98551477937 
1474.54070101012 
1563.66422150837 
1401.19588402951 
1453.05769489894 
1488.93222937587 
1578.70795394314 
1577.55583711054 
1443.65867280776 
1490.50149195819 
1456.39155021624 
1377.43512969757 
1510.96480845892 
1435.46142775747 
1373.67419658887 
1493.51752194236 
1566.35911547886 
1567.11726132559 
1434.89861206339 
1446.66808143082 
1602.51836848338 
1481.04618829761 
1553.2620632095 
1480.46019783965 
