7.14561154473404 
8.4574551434809 
8.62221832797116 
8.07675910612271 
8.1467426902098 
8.1186781102108 
8.51126684583428 
8.30345940981064 
7.38150551889769 
8.31455262406904 
8.44035379953738 
7.62904810448627 
8.60981176656216 
7.80634347323358 
8.43917306970499 
8.5280543777947 
8.92685887259512 
7.36235896705671 
8.01581252064973 
8.00071531372548 
8.62960045182232 
7.99214817959247 
7.77398183892675 
7.89711502163055 
8.51742054926739 
7.69650012031914 
7.48499364122803 
7.49358410439321 
8.2620790780819 
9.19469798231565 
