9.3159910351803 
8.57025240010236 
8.37251616921702 
8.59868980889753 
9.04126981482809 
8.14518450586139 
9.6580310563678 
8.43614935598942 
8.40089608165468 
8.19303246392602 
8.2989309501499 
8.81829826954262 
8.20096473925342 
8.80868647702995 
7.8873893486969 
8.26426652569287 
8.11586158094555 
8.73709375284956 
9.12435325867035 
9.29828544979918 
8.11577387630089 
8.47377831159111 
8.86629366410157 
9.02890123846431 
8.49742971742629 
7.83337231255813 
9.33537123048368 
8.08419683024791 
9.29124152921445 
9.31068258152393 
