927.334865737006 
820.048951722663 
875.883579256203 
793.341691698171 
783.326883024055 
815.867562183685 
819.300737917589 
865.733032679397 
834.119344074726 
819.317291320356 
820.846825736039 
807.815987077752 
767.803101909038 
814.434037504051 
790.385253963961 
824.938826900074 
797.198634542913 
797.509838514935 
813.65933825455 
840.551996390034 
793.219196517694 
816.079445739104 
751.382126364042 
816.291329294524 
789.78602078379 
798.40372226436 
792.173021462811 
889.017049011646 
817.132242155094 
843.491880721477 
