10.003815682628 
9.22641677787162 
8.89237143949158 
9.30376318467482 
9.62808296611586 
8.71439252551385 
10.2048803176376 
9.15174439651521 
9.05714616373319 
8.74295798338252 
8.80225888021172 
9.49102495298704 
8.8729387470958 
9.40984686539719 
8.43343354346767 
8.87742076458223 
8.69857327247228 
9.41583938053375 
9.80949533066663 
10.0680696170329 
8.75565733842222 
9.13467388338788 
9.55854430679248 
9.6147517987641 
9.12130114647711 
8.4966575684586 
9.84683611197201 
8.7362479195971 
9.92133730904434 
10.0083224407182 
