383.201342017469 
374.136698662187 
391.64688810926 
375.441106800237 
364.214589043568 
350.038254913795 
390.243159554608 
364.247695849102 
394.758927829481 
351.074497927017 
368.293347485389 
359.314781824496 
373.494426634822 
360.754927865237 
385.96576027958 
376.116485633136 
360.794656031878 
376.334990549662 
356.513946076297 
385.909478710172 
378.126068729066 
357.099936534254 
375.927776841591 
366.17782261175 
362.814171169468 
373.99433939839 
366.594968361481 
364.495996890609 
373.41497030154 
350.819575524404 
386.896061515093 
359.43396632442 
361.082685240026 
346.479273318861 
355.699518660154 
392.20639312279 
357.080072450933 
381.771128018389 
396.354675856233 
372.461494302153 
379.010020436831 
370.792911303226 
382.800749670505 
361.887180614509 
368.43901742974 
377.113000479718 
380.777923852361 
361.983190350558 
352.71990616207 
370.58433842836 
373.626853856959 
377.65595209048 
367.727221110753 
375.659611716763 
369.915580956568 
350.952002746541 
376.060204063728 
352.746391606498 
375.924466161037 
384.045565558593 
364.78733677931 
367.843094930123 
365.1150941541 
355.096974799431 
391.1535967068 
368.56482329077 
367.982143513367 
368.369493138118 
363.847103502137 
378.996777714617 
360.513248184837 
352.431876953922 
366.873065527969 
364.1980356408 
366.820094639114 
359.099587588523 
371.375591080629 
363.655084030038 
387.213886848222 
353.094013064608 
373.259368315529 
353.620411272602 
382.797438989951 
396.722161397663 
370.888921039276 
366.707531500298 
357.583295895054 
370.663794761643 
356.060382840478 
367.905997860638 
358.404344672304 
355.606819604658 
386.760323612403 
368.422464026973 
364.350326946258 
378.016816270803 
357.19263558975 
374.788902731212 
373.663271343047 
382.545827267891 
