7.89377978469235 
8.32601543781183 
7.48023710139963 
8.57672968214426 
8.59650647481733 
7.55323933265554 
7.74485657920573 
8.35748400627561 
7.51737682693412 
8.43865502555414 
8.73642617498987 
8.96944132088428 
8.55372555449164 
8.68862823933683 
7.66420151087106 
8.16645503369618 
8.04541117662308 
8.45482479522161 
7.70161514580741 
8.22857904819175 
7.43703870746139 
8.24790850613546 
8.13263868820813 
8.30790867916569 
8.41373673668488 
9.36360517546189 
7.57974851334769 
8.43728601952944 
8.43381695278021 
7.73918094916011 
8.74011896871098 
7.98030746933949 
8.62830010039906 
7.73258207620455 
8.67237506692874 
7.53395228447011 
8.33551664460182 
8.41566927475329 
8.02026917734719 
7.4151896059218 
8.19839482641992 
8.30685245567526 
8.382704782352 
7.71402640948016 
8.66513400393521 
8.78692109669024 
7.8601711391884 
7.7895072623733 
7.61874176341422 
7.91706112410169 
8.89438346082002 
8.07152149121059 
8.31919798543067 
8.08254539398655 
8.68251096065891 
8.52609290579848 
8.26399754934688 
8.11474283186966 
7.88886974601843 
8.06815995176654 
8.72362311657735 
8.17131988753298 
7.60834576193175 
8.59511735809932 
8.76172776172709 
8.80445762401351 
8.19801618877128 
8.83793337435918 
7.07551418234824 
8.36910684026789 
8.15285815823288 
8.80867074937513 
7.86246203183636 
7.58690017530621 
8.58622723436291 
8.37194813561349 
7.9331898083507 
7.88632960630644 
7.82308905991202 
8.02122319733784 
8.21865707174155 
8.88788712617498 
8.53765636413541 
7.9464574699778 
8.3820667794239 
8.75620539882775 
8.41609835906666 
8.05771249998238 
7.64125958448506 
7.68373134059354 
7.96512836224495 
8.29477831509757 
8.37375210594183 
8.18600336616992 
7.97223674847952 
8.83617801828411 
7.53057859786518 
8.1921116735932 
8.45792689316866 
8.55975216341894 
