989.198242558335 
985.149280241494 
984.463969366935 
991.644835487317 
968.340955071747 
939.312907979303 
963.093526394566 
974.92258801196 
989.062504655644 
950.638746152575 
968.347576432854 
935.101722315344 
980.206434175228 
943.514161601601 
966.516770086809 
977.074530371687 
953.310465359191 
972.393228069142 
938.98183992396 
995.551438540361 
1007.00639325522 
968.446896849457 
969.562596195962 
982.722551395833 
974.803403512036 
997.196846775414 
973.737364373833 
977.879025746169 
978.541161856855 
942.961277949179 
1000.84521674529 
992.813505722677 
954.46920355289 
957.468680134294 
967.897323877588 
971.641703583514 
952.58542631799 
1003.8513146878 
978.564336620729 
963.626545963668 
953.303843998084 
965.659303823472 
977.428773190903 
969.963188542926 
987.907077142499 
980.054142869771 
993.455777750042 
947.804803598842 
945.285375697685 
1002.83824643845 
985.387649241341 
970.727955750768 
965.69572130956 
1010.49916123908 
1008.61538400418 
938.435577632645 
990.012669974478 
949.625677903227 
965.907604864979 
979.574094189524 
959.19354470263 
972.505791207958 
937.54169388322 
939.322840020963 
970.522693556456 
959.991418716006 
972.038985249925 
966.609469142305 
999.375274579568 
995.703729845818 
966.761760447763 
945.606511711367 
949.844182819753 
1027.34721457547 
955.502135885559 
949.314473931205 
975.52182119213 
965.12628425437 
976.558064205352 
1007.12888843569 
954.830067733213 
947.722036585007 
972.346878541394 
953.452824622988 
976.385908816574 
970.20817890388 
935.767169106583 
1011.65789943278 
966.516770086809 
956.389398273877 
952.121931040511 
976.683870066383 
1029.982516296 
964.116526685575 
972.072092055459 
974.349840276217 
957.673942328607 
979.021210537102 
967.867527752607 
954.214281150276 
