1374.33633269956 
1313.1218492667 
1294.22117398719 
1358.56425054303 
1272.30115804295 
1225.1040960733 
1253.85404599926 
1288.70558018518 
1245.78260681 
1396.57748465748 
1228.13336877969 
1208.22955729249 
1373.09151681147 
1230.87130159737 
1225.91190212834 
1196.19523348078 
1228.22275715463 
1232.32137967977 
1255.99936699788 
1232.28496219368 
1239.32015836972 
1228.27903872404 
1241.9653921319 
1186.37575495932 
1253.61898767996 
1288.89097829617 
1278.17099466418 
1300.72666127467 
1391.20093943871 
1298.88923356752 
