8.38424402741122 
7.84898006896746 
8.66778987215667 
8.21839828441085 
8.00885739381835 
7.77031838036497 
8.77764466047451 
8.22051045333597 
7.08969110438624 
8.05788625887061 
8.05928519692826 
8.57233382258377 
7.7187907465559 
7.8524903292786 
8.08980583970103 
8.39247537438802 
7.37019419900962 
8.32306485390741 
8.93824115357858 
9.13943117862826 
8.10063909817679 
8.54279410707004 
7.85783376323661 
8.23285747674037 
8.26678778427304 
8.29634169440076 
8.52906621954982 
8.18172770770472 
8.05864989845584 
8.98276512340321 
7.68820437436386 
7.99292149142543 
8.03222282529655 
8.01930256613082 
8.81443767802413 
8.30969252949946 
8.84501241064495 
7.84577096141345 
7.80652020493921 
9.27207178091164 
7.90119449858177 
8.33776911647816 
7.87801948008062 
8.17931247778429 
7.74111881241034 
8.90823667471548 
8.88115353512013 
8.33230573729434 
7.71843911109114 
7.32574549402693 
8.24748324405032 
8.93474892292569 
8.86698842718229 
7.30313404661081 
8.16746876414094 
8.20477106217276 
7.83430978824594 
7.69828546935258 
7.6761612729614 
8.64511245444791 
7.94543995309282 
7.37654072341733 
7.72698437524654 
7.74003941358323 
8.13320922058172 
8.39659582729827 
8.62004444954377 
7.7981603910752 
8.38664885212275 
8.59048266909273 
8.4089298627293 
8.75997807180317 
7.69543777890865 
8.45057238566076 
8.71983743341355 
7.15835791851595 
7.73465089414151 
7.6900004319386 
8.64899315045175 
8.14504273535438 
8.29642371370597 
8.63658343959639 
7.95276426128769 
7.89410471833861 
7.2969236765857 
8.39361426755511 
8.4897274312559 
8.44411034906103 
8.70634665329696 
7.95397532462464 
8.4620852413702 
8.17802431182736 
7.95346402344124 
7.73193722403118 
8.13760039144234 
9.07247772742297 
8.14947327858935 
8.79087680046118 
8.64849585116873 
8.10845670609346 
