7.14561154473404 
8.45745514348091 
8.62221817582543 
8.07675910612272 
8.14674258886491 
8.1186781102108 
8.51126684583428 
8.30345940981064 
7.38150551889768 
8.31455262406904 
8.44035379078241 
7.62904797464424 
8.60981176656216 
7.80634334636835 
8.43917306970499 
8.52805435334998 
8.92685882431165 
7.36235896705671 
8.01581252064973 
8.00071525056561 
8.62960041179175 
7.99214817959247 
7.77398183892675 
7.89711500649956 
8.5174205492674 
7.69650012031913 
7.48499364122803 
7.49358410439321 
8.26207905888405 
9.19469798231565 
