621.646487516913 
543.266125414539 
577.111212712219 
572.578891034578 
556.498915586585 
504.190162842444 
523.637100413272 
534.453093781317 
533.069229309985 
507.600163812474 
529.622810853868 
526.186324439411 
553.065739852681 
532.08926786617 
534.67822005895 
519.263691402196 
513.205145989425 
516.495962459531 
553.870235227164 
525.305683412199 
520.664109276295 
540.541435319068 
530.625947061556 
533.049365226664 
505.47139621662 
510.05999946367 
564.768995609044 
572.075667590457 
581.216456598468 
540.061386638822 
