8.03699096707652 
8.46227223444796 
7.61841460415581 
8.7365606957889 
8.73813135132393 
7.68703230060851 
7.88351379112865 
8.49239496710743 
7.65065496939574 
8.58374987377429 
8.89220028867032 
9.11930703644846 
8.71223405970764 
8.84053104347561 
7.80229297779216 
8.30224275588171 
8.18751370004088 
8.60340463797077 
7.83338054407168 
8.37589433242871 
7.58139986889179 
8.38850596363606 
8.27326844807928 
8.45191896371426 
8.55625815734607 
9.52560054298164 
7.72322998368276 
8.58276890753776 
8.56947015124052 
7.88240802375428 
8.88718858706507 
8.1233524971643 
8.77643034504809 
7.86947526846416 
8.82003872151343 
7.66901119610891 
8.47841470134627 
8.55542977938379 
8.15865072830865 
7.54460041635535 
8.32590632754058 
8.45947406183442 
8.51841073281506 
7.8545752635543 
8.82115887582188 
8.93202860797857 
7.99617356642318 
7.93376906812026 
7.74977179174864 
8.069435086547 
9.05198182661957 
8.21694345125138 
8.46201349286158 
8.22781360107761 
8.82895930072215 
8.67670339600286 
8.4070546688357 
8.26191085096287 
8.02312256005796 
8.20898744379769 
8.87551679989277 
8.30226574389287 
7.75110190015057 
8.74370461357252 
8.92006547821831 
8.95330211506635 
8.34110322741311 
8.98913736684449 
7.20070912554177 
8.51948318240028 
8.30151650441252 
8.96179341439129 
7.99552678004937 
7.72179969583185 
8.74444329860397 
8.52236934419688 
8.0760135478596 
8.01984939848885 
7.96902522498924 
8.15758686367288 
8.37062648036631 
9.03094544782622 
8.68983160819396 
8.08532939613853 
8.51888714699703 
8.90683244759113 
8.5624020683903 
8.19439322847541 
7.77209503758224 
7.82811884845913 
8.11143014884301 
8.44278827325316 
8.51332223765423 
8.32309222895623 
8.1114974457651 
8.99449266268938 
7.67562433803673 
8.32923839529808 
8.60252516736306 
8.70627112150681 
