1541.01916652293 
1486.82663654389 
1372.18439033983 
1396.53113512973 
1496.99373652346 
1388.16504537122 
1439.09324432458 
1452.35914130216 
1381.15964532017 
1406.37709909562 
1416.88850985275 
1413.44540207719 
1474.10700185762 
1477.62956596647 
1397.39191207362 
1385.36420962302 
1386.71827796937 
1361.99411559638 
1412.2999066057 
1408.35026470546 
1397.9977666149 
1465.79057230742 
1517.1723344966 
1467.39956305638 
1417.15667497758 
1474.76913796831 
1512.88831386046 
1371.59177852077 
1429.53199888629 
1449.67417937333 
1478.3380516049 
1487.09149098816 
1398.32552398969 
1404.63568112452 
1380.77891705653 
1376.78292562854 
1426.85034763801 
1555.93047173556 
1379.58045069619 
1383.67245186022 
1452.16712183006 
1525.08486101929 
1407.25442944228 
1377.04778007282 
1476.69926473096 
1368.27116592568 
1374.96867268526 
1442.72837157225 
1372.26384667311 
1490.23332683336 
1545.03833271479 
1413.20703307734 
1456.08365692477 
1415.16364528442 
1425.07251218082 
1417.5671993662 
1427.18141569335 
1419.26226780956 
1375.62418743484 
1393.14099824302 
1464.50271757213 
1408.87004155235 
1427.36350312379 
1364.75522317794 
1572.98047658571 
1330.26455317234 
1319.86570555403 
1459.95715317228 
1463.55586293385 
1437.11676803419 
1371.83676888172 
1345.23545063494 
1365.96362157994 
1445.4894791538 
1353.78031714333 
1386.51301577506 
1425.55918222218 
1372.22411850647 
1458.94739560348 
1397.59717426793 
1499.55289259126 
1467.06518432048 
1540.17825366236 
1412.45881927227 
1383.76184023516 
1416.6004806446 
1421.31488975268 
1453.45166588479 
1477.83813884133 
1363.78850445634 
1451.73011199701 
1425.05595877805 
1501.98955347858 
1392.18421156308 
1410.77368287057 
1431.10788282972 
1436.49104940959 
1456.71268622992 
1478.7717507574 
1425.7776871387 
