851.338193633098 
821.793680374319 
790.795778352585 
790.905030810849 
772.524132378224 
763.793867758838 
828.815633828137 
844.021589610025 
831.699236590171 
803.104888650226 
772.822093628032 
789.822438269878 
800.850315193342 
828.991099897468 
810.040764409654 
814.467144309586 
835.738266865352 
820.949456833195 
797.430382181652 
856.535962101978 
783.96915505142 
834.192179046901 
807.925239536015 
792.454429309852 
792.298827323841 
802.055402914789 
752.544175238295 
786.35615573044 
830.22929442445 
810.603580103737 
