8.8215991194333 
9.13798267109245 
8.33474843613687 
9.45334491199074 
9.41814369780472 
8.45128453133736 
8.61339111249668 
9.1674594835406 
8.46721881455376 
9.3744895682895 
9.60192345388221 
9.83300512549203 
9.53406039018364 
9.61616587772973 
8.57157182620808 
9.08119846412457 
8.95734551537038 
9.36754710399973 
8.59585254261626 
9.18652005921015 
8.33931044397425 
9.16699066643607 
8.9351224619025 
9.22534028385634 
9.22861882133036 
10.2810162420267 
8.47258469344791 
9.34052271365641 
9.44094876397253 
8.64436876262145 
9.6374858379714 
8.88834972021327 
9.5154104275906 
8.62359401466478 
9.51893226905841 
8.46945745032367 
9.24078360642346 
9.33309343626767 
8.91413104443089 
8.18484154132412 
9.07151284623373 
9.15637625065999 
9.28013173416426 
8.56592942979625 
9.67705746514955 
9.74953213154223 
8.62988442839072 
8.67088273075444 
8.33984010707573 
8.80048389038673 
9.88938427723767 
8.94571553626888 
9.11844874639557 
9.03280499022207 
9.63502020388909 
9.44944442154891 
9.15854954233211 
9.03498179485925 
8.72830341830676 
9.01351016643995 
9.61869268333691 
9.08654537630741 
8.52163516465683 
9.46944267137493 
9.82456673186501 
9.7568249175522 
9.08459207933637 
9.88187018179783 
7.90061501436701 
9.20408106103993 
9.14872564269445 
9.76338111599956 
8.81103261418383 
8.36402885757597 
9.54078474389265 
9.3261906508199 
8.82568791563953 
8.80335155312042 
8.73645134766556 
8.80989181477673 
9.23683551307035 
9.74813153636543 
9.52598910653074 
8.85172384379743 
9.22475443286206 
9.76290461596696 
9.39686268662723 
8.84327947351133 
8.54268043703146 
8.68886756430718 
8.81965519124849 
9.13563524062937 
9.20834260849516 
9.10254869473518 
8.84912793393163 
9.78837530359521 
8.46572483947378 
9.06882457528185 
9.44069775440713 
9.36471459722427 
