10.7862968448386 
9.92280737589534 
9.5661512058052 
9.99860012038041 
10.3486265228198 
9.33995539231339 
11.0123410835942 
9.89073173443608 
9.71536952348858 
9.3797693723785 
9.51343894276446 
10.2317274756607 
9.60145523985321 
10.1345836616649 
9.07317372403288 
9.52157731091152 
9.44110072028665 
10.1611209430969 
10.5722490150122 
10.8139103620915 
9.45497549364653 
9.79372586164877 
10.2530068923621 
10.3515880452708 
9.79139556625436 
9.12776213504708 
10.6361322550847 
9.35256247992366 
10.6696453493021 
10.731638934535 
