580.142633773097 
794.167260802834 
819.020301992394 
1049.97524147269 
583.339668502839 
765.196701876512 
942.529396898712 
708.784243303383 
642.517685396167 
915.53952015714 
788.903248606434 
1393.77975389407 
760.34361959396 
468.402571599401 
880.947440009369 
1030.69030061578 
809.622334862677 
903.602006159839 
1005.74685484517 
782.969420650461 
854.487662856661 
719.710869712616 
799.768235528589 
1214.08421186724 
781.974970258947 
592.223973240244 
815.506851228989 
850.098931376759 
1009.49453565947 
911.163116574653 
897.41340165728 
865.743033196973 
785.710323175831 
672.092311295847 
756.217883258921 
574.414270774048 
719.91633466954 
713.177084082424 
825.319857571692 
717.031606674324 
845.500625640794 
862.258347527537 
905.644327831667 
870.189294864814 
893.920497389568 
897.298341281403 
1286.25583263646 
808.993612094489 
768.369080811422 
799.003905888831 
715.704303052593 
888.261992475873 
764.054316716013 
778.013605889447 
770.341544397895 
710.764925488133 
580.393301020544 
650.140435298058 
622.59580317279 
1037.00218409249 
1047.48089689563 
799.242245238863 
788.188230556337 
652.95530520792 
759.661475936972 
1030.33279159073 
866.901855554026 
794.109730614895 
842.730958021455 
560.352249122151 
1058.02946778412 
889.190694081171 
893.419162894672 
777.315025035905 
995.79413233176 
815.576709314343 
796.994458610112 
814.890456358216 
786.44588772162 
886.359386974755 
860.372179222973 
847.033394219449 
1017.11317626222 
961.703386678885 
861.900838502489 
840.955740793629 
777.643768966984 
1027.16452195496 
848.656567379151 
800.58187675801 
811.866012192291 
739.986151661903 
874.824584293026 
834.475376052237 
777.117778677258 
842.467962876592 
924.921050090302 
850.600265871654 
795.054869416747 
810.764720023176 
