8.5279327403669 
7.98878708070201 
8.8177134503594 
8.36542263725029 
8.15410696356842 
7.91125089369056 
8.93259118344194 
8.35762831832603 
7.21707899024862 
8.19680579895122 
8.20142973978465 
8.70777991372383 
7.84908497723301 
7.98680444098282 
8.22992367675346 
8.54715411193938 
7.49956820485377 
8.47256669232168 
9.08555886251057 
9.29278159045172 
8.24936979508303 
8.69126813882465 
7.99808468663082 
8.36655524145133 
8.4098857820861 
8.44927283785051 
8.6741783265858 
8.32406508895488 
8.19896708827725 
9.14488181937273 
7.82372940045379 
8.14311171333412 
8.17443674741884 
8.17399521108294 
8.98596861081299 
8.44362644516874 
9.00078926965936 
7.98647600301165 
7.94882309091775 
9.42803903268839 
8.03833678607198 
8.47862223396495 
8.01372329641133 
8.32685050613349 
7.88437841771436 
9.05392077192298 
9.03224051180401 
8.47845582072364 
7.84863619284775 
7.45280638307228 
8.3869198133672 
9.08469492916193 
9.02289714384074 
7.43615305994244 
8.30469493025168 
8.36102762254433 
7.96529384560052 
7.83188505572837 
7.80656923948509 
8.78892181849279 
8.09311852594876 
7.51324772374506 
7.87121913813063 
7.89307796708136 
8.2791450229378 
8.54072637425691 
8.76146193798381 
7.94322553123292 
8.53111868764692 
8.7481654502505 
8.55816424679246 
8.91584015600878 
7.83270174085426 
8.58532008026195 
8.87744862005381 
7.2917328822421 
7.86861588727705 
7.82317053690373 
8.79644495067831 
8.29334330257277 
8.43141401190422 
8.78193050783314 
8.08774343613418 
8.02986473180687 
7.42241411130085 
8.53673509414978 
8.63833933305648 
8.59176560520468 
8.86045309083738 
8.08768116218336 
8.61163318244451 
8.32070578439267 
8.09646538149635 
7.87140726199062 
8.28138509106368 
9.23657678742141 
8.29706485936019 
8.94552489930174 
8.79313630577222 
8.2487202581092 
