1276.77719815118 
1266.87826329644 
1245.14695614375 
1275.74095513796 
1263.51461185416 
1247.00755861477 
1280.85264591245 
1302.14032187098 
1261.90231042464 
1230.99379677785 
1202.17101187972 
1185.47856052934 
1211.34159701271 
1288.61619181024 
1246.41825747626 
1245.70646115727 
1216.15532653739 
1231.39769980537 
1282.96154942498 
1250.82477329287 
1281.69686945358 
1202.58815762945 
1241.29332397956 
1163.85319515436 
1340.45813859634 
1248.10339387796 
1249.63623897419 
1206.08754697442 
1281.43532568985 
1285.54719093721 
1280.85595659301 
1354.26036582358 
1339.19014794438 
1341.09047858205 
1224.22345504609 
1206.22659555766 
1279.57141253828 
1357.75975516855 
1244.00477135281 
1198.06576799347 
1319.04796745733 
1305.16297321626 
1260.11454292579 
1335.9258169187 
1285.7259676871 
1268.49718608706 
1206.60732382131 
1287.30516231108 
1285.79880265927 
1245.52768440739 
1336.5945743905 
1325.99708593898 
1236.90336156571 
1252.91050204153 
1295.36004809757 
1315.86640344549 
1227.6135919328 
1247.11350039248 
1182.70089954501 
1300.9517875523 
1225.71988265624 
1236.50276921875 
1281.8160539535 
1310.46006210175 
1287.56008471369 
1275.69460561021 
1222.3032603251 
1313.68135428023 
1325.96397913344 
1291.78451309987 
1239.62143030008 
1268.64616671197 
1191.85824195579 
1308.76168297784 
1340.24625504093 
1254.16856065183 
1255.04920167904 
1296.0188735277 
1241.54162502106 
1215.99641387082 
1278.56496565003 
1314.46598557139 
1286.76552138087 
1187.19680373657 
1236.34054587163 
1211.89779134568 
1243.13406236726 
1243.32608183936 
1271.48341994625 
1218.37348250818 
1261.56462100819 
1201.41948739409 
1296.65452419396 
1259.88941664815 
1288.54335683806 
1254.17518201294 
1367.98975807864 
1238.03892499554 
1177.1356455347 
1286.31195814505 
