1008.09229647674 
1004.58959645122 
992.988971792008 
975.846267886366 
1002.72568329964 
965.394449379198 
980.090560355858 
966.887566308793 
963.408041047142 
1015.55457044416 
964.818390962902 
999.156769663042 
972.423024194122 
984.172629478233 
981.540638438259 
990.883378960029 
999.378585260122 
947.821357001609 
992.538719236743 
982.242502715586 
989.224728002762 
954.793650247126 
990.549000224133 
961.004486965354 
984.940707366628 
1025.40384509061 
998.276128635831 
960.98131220148 
982.504046479306 
1023.17906775871 
989.383640669327 
1027.36376797824 
988.211659753414 
1010.80043316944 
988.109028656258 
997.362380803085 
978.908647398285 
1048.10849232601 
966.460488517401 
1005.64901422831 
992.849923208765 
1031.872914892 
998.944886107623 
1011.70755964108 
999.835459176495 
994.346350818913 
967.486799488963 
982.355065854402 
981.040725674692 
989.380329988774 
976.733530274684 
1005.56293653392 
984.788416061171 
1008.28431594884 
1003.46396506305 
1001.15973139787 
1004.59621781232 
1039.21931504006 
954.936009510923 
1025.06946635471 
971.423198666988 
1021.71574695409 
949.178736028514 
1004.51014011793 
992.601622167258 
1007.54272350487 
1024.58610699391 
1008.07574307397 
975.104675442398 
1047.03914250725 
985.424066727429 
1014.46204586153 
966.394274906333 
1024.1888253275 
975.713840664228 
1005.01336356205 
975.713840664228 
1034.23011944604 
976.716976871917 
1014.07469623678 
978.276307412581 
1010.4197049058 
972.432956235783 
1009.00935499004 
985.410824005215 
1033.10117737733 
991.717670459493 
1032.87274041914 
989.224728002762 
1008.12871396283 
993.63786518048 
956.501961412694 
1003.16269313269 
955.038640608079 
1023.08305802266 
981.053968396906 
1019.5538725527 
967.470246086196 
1018.97450345585 
984.996988936037 
