8.03699096707652 
8.46227221855737 
7.61841460415581 
8.7365606957889 
8.73813126801323 
7.68703223692289 
7.8835136942576 
8.49239495979107 
7.65065496939574 
8.58374987377429 
8.89220022370626 
9.11930703644846 
8.71223405970764 
8.84053104347561 
7.80229297779216 
8.30224270413073 
8.18751370004088 
8.60340463797077 
7.83338046344037 
8.375894184641 
7.5813998616011 
8.38850596363606 
8.27326835661078 
8.45191895784064 
8.55625815734607 
9.52560053701303 
7.72322998368276 
8.58276872659055 
8.56947015124052 
7.88240799121149 
8.88718856854315 
8.1233524971643 
8.77643034504808 
7.86947526846416 
8.82003872151343 
7.66901110988379 
8.47841470134627 
8.55542977797828 
8.15865064887234 
7.54460041635535 
8.32590632754058 
8.45947406183442 
8.51841073281507 
7.85457518652725 
8.82115887582188 
8.93202850645844 
7.99617354762145 
7.93376906812026 
7.74977169696356 
8.06943502307701 
9.05198166276155 
8.21694345125138 
8.46201349286157 
8.22781360107761 
8.82895921889711 
8.67670339600286 
8.4070546688357 
8.26191081413981 
8.02312256005796 
8.20898744379769 
8.87551671788418 
8.30226571243 
7.75110190015057 
8.74370461278239 
8.9200654168829 
8.95330211506635 
8.34110322741311 
8.98913736684449 
7.20070901271978 
8.51948318240028 
8.30151650441252 
8.96179333680332 
7.99552675042457 
7.72179968925869 
8.74444329860397 
8.52236934288379 
8.0760135478596 
8.01984939848884 
7.96902517287886 
8.15758686367288 
8.37062646860239 
9.03094544782622 
8.68983152100572 
8.08532931014702 
8.51888714699704 
8.90683240931507 
8.56240206839031 
8.19439322847541 
7.77209503758224 
7.82811878100237 
8.11143007052468 
8.44278820913112 
8.51332223765423 
8.32309222320498 
8.1114974457651 
8.99449266268937 
7.67562420082435 
8.32923839529809 
8.60252516736305 
8.70627112150681 
