537.6247257515 
516.042399223712 
571.022871174467 
534.744433670019 
528.838179562705 
513.863971419557 
533.168549726587 
545.752446510162 
506.507639229843 
535.274142558567 
530.314743089534 
523.127255608045 
531.877384310751 
545.235980343827 
497.810481415991 
538.518609500925 
521.41232308137 
539.813085597315 
516.519137223405 
559.485149445776 
546.129864093253 
521.822847469994 
518.727361152541 
530.976879200219 
519.028633082902 
524.117149093519 
532.556073824204 
526.7557614946 
526.318751661548 
514.062612252763 
522.445255414039 
519.571584693664 
553.893409991038 
531.738335727507 
511.162456087961 
528.52366491013 
531.423821074932 
544.348717955509 
535.459540669559 
519.253759360535 
504.531162939447 
538.594755153654 
532.592491310291 
513.797757808488 
536.899686710299 
538.290172542738 
550.960147020702 
519.64441966584 
526.384965272616 
523.253061469075 
537.3830460711 
538.978794097851 
520.730322887364 
522.710109858313 
543.613746872648 
500.336530678256 
530.596150936575 
508.093455214934 
533.046054546111 
532.400471838193 
536.264036044041 
526.507460453093 
547.232320717544 
521.299759942553 
532.168724199453 
511.404135768361 
545.649815413006 
536.068705891389 
532.006500852335 
549.569661188263 
520.978623928871 
523.041177913655 
543.438280803317 
522.653828288905 
501.445608663654 
526.249227369926 
536.634832266025 
511.304815351758 
541.038037402083 
531.158966630657 
516.409884765142 
533.506239143037 
523.104080844171 
535.009288114293 
516.956147056457 
517.995700750233 
527.590052994064 
551.115749006713 
511.149213365747 
495.592325445196 
522.554507872302 
519.459021554848 
574.012415714211 
523.812566482604 
526.404829355937 
531.761510491381 
509.166115714245 
549.725263174274 
494.873907765102 
520.584652943013 
