8.40845752976479 
8.81170307408012 
7.96794160629701 
9.14609434153336 
9.09820728233097 
8.02129365289318 
8.24931796037968 
8.82891835761176 
7.99578457166582 
8.96735180273789 
9.30807985570824 
9.50814155390293 
9.11937429840636 
9.23054866745983 
8.14558031246047 
8.64669751315918 
8.56152470946555 
8.9782265231756 
8.16869957770324 
8.76273422670717 
7.95007399674036 
8.74657505849127 
8.62950096407856 
8.80775630327398 
8.91888233297634 
9.93911876853387 
8.0908926153985 
8.94754147644827 
8.91814926837443 
8.25593675078235 
9.24817431264212 
8.49337628936144 
9.15163457944528 
8.22171866787865 
9.19710266914632 
8.01564540899189 
8.84423284941592 
8.90690684932565 
8.52020350097239 
7.88783563676306 
8.64950199977813 
8.86252311788935 
8.86436516640757 
8.21463548908316 
9.21152789050325 
9.30069576773918 
8.35872565530428 
8.31673178557883 
8.0927266947218 
8.48587100895603 
9.45115711506875 
8.5767297032862 
8.81587216309763 
8.61278112254205 
9.20395050070069 
9.05627058901255 
8.77502145031379 
8.63361073095168 
8.37362382343309 
8.55965241840426 
9.27808866753838 
8.63853846488742 
8.13041746265431 
9.13163525282233 
9.32136269104487 
9.33910433221403 
8.69659162957875 
9.36200064238407 
7.52935883443029 
8.90530737499988 
8.68401822008103 
9.35255683154166 
8.32190908635789 
8.04982238525893 
9.16911150995362 
8.9077126752576 
8.44084280954745 
8.35619641240991 
8.34885052775649 
8.50320445859017 
8.74307075239714 
9.38872895405202 
9.09234207352537 
8.43920093406142 
8.87458050193291 
9.28255595461711 
8.93577532927571 
8.55627485526633 
8.09721537259456 
8.19989884501949 
8.47323317029601 
8.81344607634478 
8.86711198062362 
8.67220946482684 
8.4702110489287 
9.38898423645847 
8.03990175491509 
8.6806564338712 
8.9600144772783 
9.07971064530254 
