1508.08782705799 
1401.35148601552 
1342.64649844216 
1337.32954547336 
1352.8301518245 
1376.74981882301 
1432.54471818991 
1412.07478032807 
1342.17307112302 
1386.94671492756 
1354.24050174026 
1357.22673559945 
1380.4677130845 
1372.77369147834 
1394.34608596447 
1365.80470891338 
1404.96674917986 
1358.9151826817 
1399.43791265564 
1379.33546033523 
1367.49315599563 
1337.14083668181 
1370.77735110463 
1355.67071573934 
1477.7057116192 
1367.55605892614 
1388.80069603748 
1313.97269416893 
1448.4326741658 
1408.73099296911 
