869.490655107536 
818.741232904059 
872.069675258655 
835.569422157127 
801.469412456833 
830.924537340669 
826.839157537741 
883.160455112634 
874.810918756892 
804.67415123255 
812.725726338483 
791.514196032679 
801.932907734313 
820.353534333578 
833.271809853049 
804.746986204725 
793.252303323228 
831.159595659963 
861.319895501679 
822.43264172113 
804.942316357377 
825.296380399844 
820.452854750181 
776.311550931344 
843.683900193575 
811.808667825184 
803.704121830396 
792.557060407008 
845.710036692273 
797.69854730648 
860.637895307673 
810.418181992745 
850.589979828023 
817.734786015818 
798.618916500333 
891.76491387099 
843.326346693805 
885.756028666521 
855.380534588832 
787.094437493855 
827.183468315297 
850.179455439398 
810.659861673145 
831.278780159886 
839.432986362976 
857.525855587452 
848.500940398811 
809.031006840859 
855.526204533182 
847.981163551923 
869.447616260341 
868.116722677864 
867.292363220061 
873.261520257889 
839.091986265973 
864.733207152262 
844.193744998803 
821.909554193689 
836.198451462278 
817.426892724349 
838.890034752214 
822.353185387848 
845.018104456606 
868.755684024675 
876.241132755973 
865.13711017978 
835.168829810162 
843.207162193882 
817.738096696371 
846.736347663835 
811.596784269765 
815.973503961395 
792.037283560121 
825.498331913603 
851.937426813268 
864.961644110448 
813.894396573843 
833.675712880567 
843.008521360676 
831.162906340516 
787.971767840513 
822.932554484698 
840.800297431541 
862.227021973318 
913.790871592937 
816.155591391833 
858.770671475541 
825.120914330513 
871.334704175795 
826.329312732513 
875.400219895402 
770.815821212656 
807.680249175061 
881.885843099565 
836.883762336837 
823.028564220747 
959.905341021616 
819.10871844549 
811.461046367074 
864.630576055106 
