9.91452595473288 
9.15272550069077 
8.87883777871533 
9.18298313690505 
9.62655263389626 
8.67148233228026 
10.2764656012486 
8.98773681441928 
8.95696079573605 
8.74025939296673 
8.84336891948257 
9.40119124602013 
8.76254007994163 
9.38358827650129 
8.42109892608077 
8.80190296481035 
8.64494698232451 
9.29020415757467 
9.73758271132149 
9.90978045212007 
8.69356423132411 
9.05462301697071 
9.432425995673 
9.58945045846765 
9.02720238540048 
8.39334438462206 
9.8931467033028 
8.65054813331519 
9.9061473892139 
9.97185980107904 
