11.509004813702 
10.5885219625988 
10.1766004482718 
10.6560911055847 
11.0378180044943 
9.94423837273484 
11.75509741872 
10.5597444824676 
10.3719000909376 
10.0397641675876 
10.1617223531994 
10.8978974830259 
10.2710704385308 
10.8390364137535 
9.68417437879474 
10.1498637803917 
10.0763173195978 
10.8137082334761 
11.3173709190396 
11.5424120190539 
10.1133928904622 
10.4829362002011 
10.9084797493504 
11.028394634981 
10.4109406196041 
9.78412201310321 
11.3152764088956 
9.98047858205484 
11.3919548380734 
11.4866206330027 
