391.319130734471 
387.538333542458 
407.329581890842 
396.96053039751 
384.879857058056 
396.897627466995 
391.75282988697 
405.5980959614 
379.274874881105 
389.557848680048 
391.663441512028 
381.890312518312 
383.575448920006 
406.740280752332 
376.616398396704 
398.4966861743 
397.599491744321 
406.349620447028 
400.893618894981 
395.387957134632 
386.283585612709 
383.188099295255 
375.775485536133 
394.619879246237 
401.175026742022 
391.431693873288 
402.068910491447 
405.525260989225 
410.782621708066 
407.995028682081 
