10.5020538549951 
9.67933481375746 
9.42996072233667 
9.71623435070177 
10.1736455041012 
9.14589162256413 
11.0034606555468 
9.56079560233096 
9.42616731904272 
9.20856608766413 
9.38898050462264 
10.0444485057884 
9.31119307358854 
9.9392540513433 
8.94229986148731 
9.28845752716023 
9.24732494120068 
9.91481395489505 
10.333487158374 
10.4996030376829 
9.23698738330628 
9.56683793628505 
10.0003706295221 
10.2190085217718 
9.52274342296793 
8.8361126296061 
10.5328216208918 
9.13727325173632 
10.5002256080209 
10.5816272344387 
