1016.97154172103 
969.211664057299 
997.812633358351 
1000.96440124521 
982.980784479 
943.888268504139 
1038.96108195689 
1030.30034162913 
996.494982498087 
999.20311919079 
951.956397012839 
965.70565335122 
965.930779628853 
1034.40558551538 
948.377551334585 
955.283630969033 
968.340955071747 
976.81629728852 
971.403334583667 
999.719585357125 
951.648503721371 
941.345665839107 
994.720457721451 
958.190408494941 
988.599009378165 
979.31917178691 
984.046823617203 
975.607898886519 
979.113909592598 
957.428951967653 
990.459611849191 
998.656856899475 
986.77813507378 
984.64274611682 
989.072436697305 
1045.07259825852 
985.678989130043 
1020.52721263541 
1043.69535514829 
955.63787378825 
949.132386500766 
992.032185112068 
944.931132878468 
963.007448700177 
979.140395037025 
1029.45280740745 
1013.81315247306 
993.200855347428 
983.762105089609 
1039.87482978964 
994.793292693626 
1015.65058018021 
1022.13289270382 
1011.61486058559 
1040.15623763668 
970.727955750768 
985.275086102524 
962.927992366895 
972.257490166451 
999.537497926686 
1077.40801522383 
982.51728920152 
981.56050252158 
998.726381191097 
1012.84643375146 
1020.42458153825 
1024.90724300759 
969.97643126514 
983.020512645641 
981.788939479766 
972.863344707728 
979.91840496708 
984.046823617203 
1038.17976134628 
973.38643223517 
973.015636013186 
968.675333807643 
965.24215807374 
980.590473119426 
1080.2750645831 
956.283456496168 
950.883736513529 
1018.69640628937 
1057.44130080612 
1048.60840508958 
970.56573240365 
1018.64343540051 
1004.50020807627 
965.205740587652 
1055.04767876599 
1410.73064402338 
1016.34251241588 
1012.05187041864 
1021.13306717669 
978.978171689907 
1043.67880174552 
1024.68211672996 
1026.27124339561 
1016.57757073517 
960.107292535375 
