1269.92740008614 
1239.35326517525 
1233.01000123488 
1210.38149965221 
1187.25308530597 
1247.62996655882 
1213.83122878888 
1288.71220154629 
1165.0516615147 
1224.22014436554 
1176.7946454377 
1166.48187551378 
1233.58937033173 
1239.89952746656 
1223.63084322703 
1181.73418082341 
1201.29368153306 
1256.22118259496 
1263.15374767383 
1211.06349984622 
1227.46792198845 
1189.72947435994 
1224.27642593494 
1158.28794114405 
1297.23720397136 
1246.4513642818 
1178.95651983909 
1219.12500699381 
1257.11837702494 
1296.94917476321 
