10.5020538549951 
9.67933481375746 
9.42996072233667 
9.71623435070177 
10.1736455041012 
9.14589162256414 
11.0034606555468 
9.56079560233095 
9.42616731904272 
9.20856608766413 
9.38898050462265 
10.0444485057884 
9.31119307358854 
9.9392540513433 
8.94229986148731 
9.28845752716022 
9.24732494120068 
9.91481395489505 
10.333487158374 
10.4996030376829 
9.23698738330628 
9.56683793628505 
10.0003706295221 
10.2190085217718 
9.52274342296793 
8.8361126296061 
10.5328216208918 
9.13727325173632 
10.5002256080209 
10.5816272344387 
10.1021567689566 
9.90747140873175 
10.1459591018502 
9.3720512013769 
9.83823487703471 
10.018287729152 
9.3523305440682 
9.71745672194414 
9.35091294882786 
10.9946346695356 
9.51924566614681 
9.14532587257269 
9.38956775105905 
9.77262304877349 
9.33973145117395 
9.20205481855336 
10.516549304686 
9.44593177706823 
9.98957027021023 
9.08766703951582 
9.31867998668861 
9.89497306517378 
10.9937043388265 
9.42602842032674 
9.2324807830016 
10.2652457774041 
9.94081542989648 
9.46981324575103 
9.28931288608833 
9.84993489469647 
10.340155695733 
9.21795081932871 
9.41509018410667 
9.51133928329281 
9.53330299222095 
9.61268813061589 
10.1417373452228 
9.88978940037476 
9.57654143163605 
10.2453181557643 
8.72950091805358 
9.83418869098674 
9.50806917134803 
10.209055238736 
9.60302349168201 
9.55347136493158 
9.73001298729638 
9.64874205438752 
9.88145293015181 
8.84649902557858 
9.6992054196005 
9.97674272705874 
9.27317180237002 
9.22311642826513 
9.45958144183683 
9.60619145559079 
10.186774320153 
9.94101762103447 
10.4044984767781 
9.04903860528353 
10.1519458325451 
9.59684278559366 
9.24660643242411 
10.1493349720649 
10.5213830943668 
10.6771992142011 
9.48710543776083 
9.74869394002648 
9.94253862989891 
9.61655484762496 
