9.91452616079552 
9.15272533267701 
8.87883801092651 
9.18298345390924 
9.62655266466477 
8.67148292637785 
10.2764659521041 
8.98773686439248 
8.9569608594519 
8.74025956982056 
8.84336930051478 
9.40119120019239 
8.76253989612289 
9.38358865443351 
8.42109883635844 
8.80190329504042 
8.64494691230317 
9.29020459218711 
9.73758249621029 
9.90978046560566 
8.69356428457966 
9.05462299083904 
9.43242618968142 
9.58945064650979 
9.02720285342275 
8.39334442717827 
9.89314729204462 
8.65054840451823 
9.90614724454822 
9.97185972299459 
