562.838868846397 
549.907350604712 
563.328849568304 
544.080552830682 
529.020266993144 
554.294002338003 
660.788663700076 
563.070616485137 
536.038909766408 
536.820230377017 
544.143455761197 
573.105289242573 
545.775621274036 
562.527664874375 
545.265776468808 
544.98767930232 
547.583252856207 
572.496124020742 
554.386701393499 
561.898635569224 
543.633610955969 
562.871975651931 
547.232320717544 
540.793047041129 
562.398548332791 
556.025488267445 
551.8275453257 
548.311602577961 
620.183166712299 
564.427995512041 
