1460.4107164081 
1397.38198003196 
1361.27900859684 
1275.46616865203 
1339.94829379112 
1309.88400368545 
1372.46579818687 
1407.05578860907 
1348.25148061911 
1356.71026943312 
1299.99831155292 
1314.89968472389 
1335.9688557659 
1334.22081643369 
1362.30200888785 
1273.51617780606 
1314.77718954341 
1323.83190085704 
1324.92442543967 
1390.35340521704 
1357.14396858561 
1301.1934672327 
1333.10180640663 
1335.91588487704 
1404.572778194 
1312.02270332296 
1321.66340509454 
1289.74513387896 
1351.46946211704 
1373.47224507511 
