8.52224985698164 
8.92160871567885 
8.08233399000698 
9.27136200312873 
9.21868619534104 
8.13125181643437 
8.36104605018595 
8.94108456417581 
8.10492901850875 
9.08273299586275 
9.43794414114148 
9.63010774391687 
9.24526678956043 
9.35065880995004 
8.25501365453186 
8.76097687937731 
8.67762760094208 
9.09316556076178 
8.27856036319004 
8.88088984705497 
8.06581625722499 
8.8588157615817 
8.74428366334762 
8.92177519585492 
9.03987483489008 
10.0684537746424 
8.21184194075402 
9.06593041391706 
9.02851722494609 
8.37315369680029 
9.36818177722703 
8.6110725269272 
9.27553742447051 
8.33483659064416 
9.3217772330212 
8.12232588673131 
8.96355200749948 
9.02167325684478 
8.630599071078 
7.99740311004713 
8.75562362055464 
8.98971971713823 
8.97206023910578 
8.3294374337889 
9.33385899047012 
9.42207112306319 
8.47266730369866 
8.43610655229535 
8.20333931612421 
8.612741214146 
9.58022310570188 
8.68818726834801 
8.93564849645102 
8.72908384606141 
9.32322637267252 
9.17407871192838 
8.89559973355338 
8.75225453943707 
8.48441432760124 
8.67728343393103 
9.40339466981491 
8.74774709408393 
8.2474956532051 
9.26008795217219 
9.44795657030721 
9.45935228605752 
8.81097062554575 
9.48074111981457 
7.63002908907333 
9.02495934452817 
8.80488133738928 
9.48213956456767 
8.42986654847235 
8.15992232948348 
9.29980783350533 
9.02697014103568 
8.55252453127633 
8.46524927391647 
8.47089519983518 
8.61320061649092 
8.86621541951126 
9.50314898625442 
9.21949002771682 
8.55293297794175 
8.98907203362237 
9.4032807168773 
9.06073231102541 
8.67115508945576 
8.20504823046788 
8.31686600639251 
8.58852797296202 
8.93056431546709 
8.98159102474889 
8.785595693276 
8.58147711698881 
9.51331964373631 
8.15171635471347 
8.79337696119161 
9.07268650550797 
9.19669979484841 
