1436.60686951537 
1174.84862369299 
1444.43919367332 
1750.56965159307 
1640.9992993645 
1558.70647481719 
1707.18778058808 
1599.46661297182 
1566.41962930012 
1626.1359643806 
1635.54215010859 
1851.44883614375 
1774.3830401006 
2143.5912397961 
1636.82014214066 
1575.75184764363 
1602.21984339461 
2163.43915463498 
1792.92419781344 
1835.54584847781 
1603.37455645252 
1490.17569308467 
1677.85971263671 
1928.31738582826 
1826.87111799647 
1595.92850641359 
1449.11146679378 
1291.9718677381 
1500.97082192147 
2127.14582464388 
2036.57687163166 
1782.35097113012 
1597.84754911126 
1748.21091388758 
1782.27700374563 
1734.18176662879 
1653.53677103602 
1563.62530588595 
1614.02585981948 
1757.7691436837 
1780.07852870654 
1676.11736980199 
1713.55719425273 
1766.7808366944 
1501.17628687839 
1608.26873172646 
1438.72726787083 
1722.43328039186 
1809.24222469237 
1823.69052046328 
1640.658227536 
1824.62744066686 
1757.78969017939 
1618.88305140117 
1558.14350083522 
1774.19812163936 
2121.55717781554 
1632.96561954876 
1949.80080172426 
2710.57178842862 
1655.11885120433 
1850.42151135913 
1612.03284973731 
1677.51864080822 
1713.23255962079 
1798.98130474357 
1652.12728143152 
1566.35388051391 
2030.96356900849 
1953.08413173591 
1656.80777315025 
1509.80170577007 
1736.70076700068 
1554.46567810627 
2171.0865603317 
1744.09339615082 
1831.85569785145 
1594.64640508238 
1766.13978602879 
1861.13034491402 
1194.35546670338 
1426.17335900276 
1665.12499460654 
2226.57031729953 
1755.4309524739 
1729.80125374717 
1675.27907277774 
1533.7013895595 
1728.19862708316 
1574.5642601926 
1573.21641007518 
1725.80701498456 
1649.48911138461 
1864.41367492567 
1438.76425156307 
1764.52483146737 
1503.29257593471 
1438.07388930781 
1473.92341499196 
1943.8998481614 
