10.7391338737944 
9.9047184539582 
9.63251914327744 
9.94847014208598 
10.3965563711677 
9.34705065475478 
11.2481880892981 
9.77564299104328 
9.62866442640916 
9.4173304443722 
9.59961530667447 
10.264810508037 
9.53159252304155 
10.1662468877295 
9.14733458401918 
9.48083931891558 
9.46526574314733 
10.1454996260095 
10.5538804337802 
10.7362875518397 
9.4545062151411 
9.78210546833122 
10.2500359785094 
10.4739482301504 
9.71617679040252 
9.04229660515154 
10.7605491228393 
9.34229849415214 
10.7420597950238 
10.8281976074867 
