11.7582494998599 
10.8193866783448 
10.3877893279086 
10.8819749458179 
11.2743029132654 
10.1543331973302 
12.014915118745 
10.7892222134766 
10.5976432162063 
10.2690743860695 
10.3834444663978 
11.1295518862935 
10.4975399658663 
11.0811720279762 
9.89942083831643 
10.3645843831037 
10.2933002523082 
11.0370382662451 
11.5742606203777 
11.7922145499974 
10.3424789753097 
10.7213977329979 
11.1377610694056 
11.2649904413702 
10.6243731220111 
10.0082091808813 
11.5485317427104 
10.1948415503869 
11.6414425269451 
11.7497982480897 
