427.151416753131 
420.592895608605 
402.910381003397 
410.419076589357 
406.009207753159 
411.163986865742 
427.787073522313 
412.40550399305 
420.576342046907 
437.199428703479 
434.885240778176 
418.176075600778 
435.96453300085 
426.677984888585 
407.459299757855 
424.645207512139 
424.784257430397 
421.778130626142 
419.291785659186 
433.690073623621 
416.596865814842 
425.886724639447 
410.568058644634 
421.66225569426 
445.105409770177 
418.374718341148 
421.278213062879 
420.662420567734 
424.837228827829 
434.080737679681 
454.113858045925 
408.435959898004 
425.774160419904 
440.702162358657 
419.066657220101 
408.118131513413 
418.87794661675 
456.570406601825 
423.022958465789 
425.853617516052 
443.330867956211 
423.724829481761 
419.934063853047 
453.021322973894 
413.95822808027 
439.32490602543 
415.603652112996 
433.716559322337 
418.715721712115 
432.647199236682 
411.938693553182 
482.781316193555 
412.713400240623 
434.322419680463 
465.635136987344 
416.725983596083 
431.680471233552 
440.94384435944 
414.362134985688 
437.394760731509 
405.856914985542 
444.353878069113 
443.188507325613 
412.710089528283 
423.254708329554 
433.908580638027 
414.805770439179 
407.753953156069 
404.026091061805 
423.516254604373 
444.837242070678 
425.525856994443 
493.872202530841 
408.048606554283 
431.799656877773 
414.699827644316 
423.363961836757 
432.670374223059 
433.024620443384 
405.151733257231 
425.032560855859 
421.539759337699 
433.507984444949 
411.524854510746 
446.426383993633 
410.134355328161 
426.648188477529 
451.329548968415 
411.054733358539 
431.17393224561 
427.830112782727 
407.16795707198 
446.406519719596 
413.971470929628 
424.108872113142 
428.548537360396 
432.627334962645 
413.259667776638 
411.574515195839 
403.310977196476 
