998.315856802472 
1008.27107322663 
1026.22820454841 
1008.08236443508 
996.925370970033 
982.229259993372 
1013.04507458467 
983.460833159247 
995.912302720684 
1024.07626218868 
1013.7535602231 
1023.15258231428 
991.780573390008 
1037.14020765251 
1002.77534350794 
1003.62618841017 
1006.54951933884 
974.677597651006 
990.890000321136 
1022.95394148107 
1018.40837708122 
1004.21217886812 
999.603711537755 
1001.22594500893 
1001.30871202277 
1006.34094646398 
1013.41587080665 
1013.34965719558 
1035.11076047326 
1017.30592045693 
