8.78888317627695 
9.56501794959786 
10.0764841123111 
9.86746665796117 
10.141926575164 
9.90705438273164 
9.89479072712811 
9.75064790778632 
9.21794092353367 
9.79010650065359 
10.2195305018446 
9.59538823433927 
10.4718416647398 
10.3890000133057 
9.60300483450607 
9.98744629104319 
9.56742475699961 
10.1107328258617 
9.72958865125 
9.51072479759245 
9.39296096911516 
9.88020565991587 
9.57439762936424 
10.3049992180082 
9.68623344146619 
10.3807089125221 
9.85888830494546 
9.67765663607198 
10.9245945668774 
10.187307705432 
10.5974994282332 
9.81383579167684 
10.0067628281226 
9.75193535027733 
10.2969306864766 
9.61672540294757 
10.0951655760911 
9.92699022914594 
10.1185786305033 
9.5740022552566 
10.3330459436686 
9.36866376709495 
10.9226677517388 
9.63882930813246 
9.88456314724406 
9.8747199310136 
8.93402524622768 
9.63093231018278 
9.21150853792948 
9.71240460616534 
10.2004177841544 
9.85490380324406 
9.9951754672492 
9.3943236080202 
10.5459271736663 
10.4776343115692 
10.6822439025403 
10.3210207990205 
10.8972293688524 
10.2716039113921 
9.84541923232184 
9.74967639851466 
10.4385689142812 
10.4438000292764 
10.7377373001273 
10.0625543339717 
9.49913657744176 
10.1856334237316 
9.47719039140729 
10.0728046451146 
9.45697758933954 
9.3188407683925 
10.0276271959795 
9.61525933240108 
9.97814743133941 
10.1475519735683 
9.9348646037426 
10.1177146287594 
9.63384728132145 
9.85574046913326 
9.80620012858954 
10.1157720189915 
9.80515560975555 
9.90784796287123 
10.2916567942706 
10.0736723784492 
10.3908050837672 
9.66816968953539 
9.01176649389805 
9.40170062425779 
9.86094671919057 
10.2688964361206 
9.87910064870827 
10.7515977822139 
9.28918493857647 
9.77768154379874 
9.85664726198244 
9.91708897614435 
10.0905721974192 
9.50249185311741 
