7.70609148578588 
9.07854687048362 
9.2833834793434 
8.71413705291805 
8.7975854891194 
8.73596564212869 
9.185538680328 
8.90071300004607 
7.90708599383379 
8.96221772882701 
9.08660948783406 
8.25267255202798 
9.25389469956721 
8.39759316703061 
9.11495115155082 
9.16024798006418 
9.57202962829773 
7.91721678578798 
8.62457041866699 
8.65700865523143 
9.25776985090067 
8.53898373090324 
8.39363564274 
8.50837546575382 
9.18037876618398 
8.35229729468128 
8.04438260381023 
8.13590096276304 
8.85841286719333 
9.86640884099671 
