1204.92713453212 
1237.14698702002 
1220.4278897056 
1304.27499041549 
1190.43614662218 
1197.53762459038 
1219.84520433385 
1185.95013140217 
1216.79934898153 
1250.05214371935 
1237.32576548635 
1216.78610613217 
1287.25461827818 
1278.41501633174 
1206.3341872764 
1189.11186168638 
1245.79125693843 
1288.74774954329 
1222.49708491779 
1288.85369233815 
1242.56662311976 
1247.53931305368 
1270.86659219771 
1287.95317858181 
1234.10113166769 
1188.86024754858 
1218.09383750627 
1215.67701749844 
1204.4139741195 
1322.12966206235 
1307.48307067245 
1217.41514147667 
1236.02465553693 
1313.63768491156 
1257.25625377007 
1214.82947513953 
1170.83010814773 
1360.70939295441 
1150.99894123419 
1222.61627056201 
1207.46314018417 
1293.35295040752 
1147.11547565997 
1441.12990639292 
1278.07401296078 
1203.67237455545 
1267.28771215872 
1340.16311217554 
1262.30177937545 
1309.65158725482 
1239.77238190524 
1217.81573766975 
1198.05740642768 
1232.02200431849 
1258.7593171722 
1197.27607831556 
1219.88162216959 
1297.98132625812 
1210.00245654856 
1250.585168406 
1294.55473898675 
1220.19945055418 
1364.55644069289 
1202.14613616695 
1215.08439998967 
1238.21303639334 
1177.45153282671 
1234.48848501141 
1243.7518581373 
1274.8394470051 
1334.31639418401 
1233.52506772062 
1247.58235231409 
1220.72585381616 
1233.02515015736 
1192.9026273151 
1215.5478997172 
1250.39314709031 
1245.34431077259 
1196.71325721785 
1238.57390403834 
1290.0819666161 
1298.98778280932 
1220.67619313107 
1206.83741555201 
1232.14118996271 
1351.88303385733 
1311.08512569782 
1206.59242283888 
1238.40174699669 
1279.97767255598 
1339.73934099609 
1281.48735738279 
1184.43713586303 
1199.06386297889 
1254.06472707481 
1252.15444605492 
1299.3883790024 
1201.82830778236 
1290.67458412487 
