564.598950239331 
572.739991882133 
611.256819239741 
611.286615650797 
593.193572715493 
570.422493244491 
592.978376413426 
574.865469204085 
566.568824081327 
572.584388402177 
569.925886393568 
552.458568090427 
571.869274536848 
594.001386526328 
546.777385715865 
580.440708783783 
561.367694995991 
596.434760095852 
564.122207662445 
605.979543770597 
567.929526852857 
578.487388503485 
590.435749336699 
561.801398312464 
570.935653657112 
592.266573260436 
566.55227051963 
592.273194685115 
552.514850200199 
606.244400757756 
598.868133665376 
593.706733128113 
601.099553782191 
585.761023513341 
598.06363056688 
567.979187537949 
563.476618756245 
564.926710760941 
544.562519160748 
579.36472727345 
565.873574490034 
572.183792209099 
548.104981364 
562.483405054398 
609.939155728625 
576.937975128605 
750.015394812379 
643.768014413517 
554.176827794622 
590.780063420006 
584.02289953511 
582.867460928628 
568.485726525891 
577.206142828103 
585.271038087097 
570.43242538151 
566.68138830087 
585.691498554212 
558.441025287883 
577.517349788015 
593.322690496733 
587.201183381019 
611.607754747727 
558.255625396872 
574.080830379626 
584.93003471613 
558.861485754998 
579.950723357539 
552.339382446206 
581.49682602008 
612.349354311772 
554.948223769723 
611.948758118694 
578.510563489862 
588.224193493921 
553.435228230577 
584.138774466992 
578.212599379308 
600.000397285481 
558.484064548296 
578.679409819175 
595.468032092721 
583.585885506297 
578.45428138009 
595.514382065474 
591.91563775245 
590.021910294263 
618.328500796888 
578.52049562688 
593.749772388527 
591.419030901527 
554.365538397973 
588.641343248696 
570.932342944773 
564.920089336262 
569.101519021036 
582.049714980775 
592.438730302089 
596.110310286582 
553.832513711315 
