10.7391342219758 
9.90471823556458 
9.63251882968317 
9.94847087786833 
10.3965566378815 
9.34705116353447 
11.2481883157022 
9.77564300505309 
9.62866507356405 
9.41732977018912 
9.59961556205349 
10.2648110741012 
9.53159263872253 
10.1662469268226 
9.14733530949841 
9.48083973209958 
9.46526607367922 
10.1454999499597 
10.5538804417142 
10.7362883393166 
9.45450646720193 
9.78210584407924 
10.2500361700213 
10.4739486297048 
9.71617724605983 
9.04229692990755 
10.7605493425243 
9.3422988573645 
10.7420603984947 
10.828198149692 
10.3182471418529 
10.1476731308247 
10.3643759570515 
9.57920795230573 
10.0796728076933 
10.2307112190335 
9.55640648874287 
9.93324168575303 
9.59439625745695 
11.2358375549842 
9.73379463625026 
9.36723829941653 
9.59067101894466 
9.98496096994915 
9.55744747824855 
9.41653241058452 
10.7423756047219 
9.66406053639315 
10.2262317179426 
9.29723085279662 
9.52611451428632 
10.1101699372067 
11.2765952701437 
9.64525251137586 
9.44133239109852 
10.494151957444 
10.1940294560343 
9.70911704492816 
9.49810390272887 
10.0729656846405 
10.5714177366539 
9.42356902743965 
9.60690586706009 
9.74860381688352 
9.76766057490795 
9.83783352483175 
10.3518822284764 
10.1192674612818 
9.80230545595246 
10.4777802830238 
8.92617774275119 
10.0384654027591 
9.72868975838167 
10.4323356004256 
9.81497818136107 
9.77045791564791 
9.95962109113761 
9.88139325339686 
10.1044963854135 
9.06336367441469 
9.91561124590095 
10.1990061847032 
9.46774624143212 
9.43335486053698 
9.65562761623679 
9.84037276375198 
10.4270771145124 
10.1759005267408 
10.6298864717706 
9.27923229826255 
10.3609124426067 
9.81127422318093 
9.45229260642684 
10.3721968392114 
10.7451861820817 
10.9114035120015 
9.70969000181881 
9.95218599253791 
10.1695540968498 
9.84799646424683 
