2694.7913393921 
1789.66451880748 
3267.34374498225 
1034.79293514013 
2111.30706661453 
2843.54021665756 
1775.5742623721 
2515.1306377993 
1831.05795776697 
2829.8604846108 
1392.29346402134 
1112.65683107617 
1810.23377708592 
2000.93890900495 
2998.83099869659 
2067.01678217079 
2748.45084980204 
3506.29873528692 
1951.79185618933 
1616.66490648817 
2562.35418521337 
1672.31744659127 
2541.19231511587 
1085.55560006582 
2510.98235506585 
1875.8183588493 
2015.84690353703 
2012.6785822474 
1202.57491490723 
1679.33277868398 
2562.77464164366 
1918.65194384953 
1672.41345632732 
2082.75575752178 
2063.75245114511 
1790.89609197335 
2321.78027211808 
2295.03990528805 
1461.91376537935 
1227.83871821043 
2343.82278324279 
1708.54622388742 
3552.55225329884 
1799.5369682178 
2070.48968607134 
2457.61418454462 
1590.51715147721 
1376.72664405913 
2474.7966166169 
1155.40102770146 
1929.85197616178 
2858.90177442546 
2183.3474754571 
1266.34855440789 
4450.62401362411 
2900.61303871808 
1101.41375991673 
1614.6155952256 
1542.2010794805 
2017.95249636901 
1427.9958431095 
1750.35349791609 
2411.03621983846 
1972.80474566193 
1743.81490382307 
2371.96687862747 
2503.18570236253 
1568.41835878309 
2976.55011857202 
2554.23308581582 
2190.11119582775 
1588.29568482586 
1341.80227490104 
1897.67547186302 
2326.47481714284 
1354.14118132366 
1332.52243730978 
3072.78829157958 
1806.62844596324 
1442.95349784988 
2053.60190456831 
2323.59452506136 
2215.0439310756 
1368.60554466158 
1077.77881144582 
1746.7415454323 
1216.54267616214 
2261.66824530951 
2376.07543319427 
1759.26253928536 
2523.76158200208 
1933.39440435394 
1938.8636486282 
2725.49790152513 
1737.3160378967 
1852.76940083634 
1986.57055540308 
2012.80107742788 
1005.38747046459 
2810.35064410946 
