15.1314981811792 
14.0099687011304 
13.2400819570591 
14.0021802736609 
14.5033866273157 
12.9857369807485 
15.5111659977915 
13.8608643528884 
13.7574960709272 
13.3727382074361 
13.4390098992285 
14.2258891423707 
13.4712599093725 
14.3985614258827 
12.8923090081697 
13.2823482823325 
13.1129118826681 
14.0895641566182 
14.933064514847 
15.1265792931571 
13.4781645713073 
14.0109347478261 
14.3030132838749 
14.5433517038941 
13.4963847348833 
13.0702550381096 
14.6322702736091 
13.1800852001217 
15.11353704619 
15.3140784955107 
