15.1314987746231 
14.009970004369 
13.2400824899539 
14.0021807655717 
14.5033868589559 
12.9857370880489 
15.5111670470411 
13.8608645437282 
13.7574966569526 
13.3727383592036 
13.4390101412947 
14.2258894551892 
13.4712596482011 
14.3985616342811 
12.8923095430095 
13.2823481029641 
13.1129114790652 
14.0895641859119 
14.9330645801139 
15.1265791442175 
13.4781649500268 
14.0109347266572 
14.303013934073 
14.543352756362 
13.4963851633575 
13.0702550651663 
14.6322704250185 
13.1800861595118 
15.1135371587231 
15.3140785148168 
