690.415943972691 
670.227413957895 
654.256690968165 
656.521196466709 
647.790931847323 
656.30931291129 
619.166787782397 
667.522587945746 
703.271316561646 
673.617550844604 
640.795463837933 
614.06833973012 
686.535826364075 
674.514745274583 
667.201451932063 
637.306006534621 
655.998108939268 
664.039752003541 
684.354087879367 
712.673649333378 
649.777340179379 
671.094812262893 
634.491928064209 
615.00526232674 
684.479893740397 
688.783778459852 
624.543333001162 
653.842855898987 
635.316287522012 
724.406701214722 
667.098820834907 
673.938686858287 
691.008555791754 
711.687066528457 
698.116586939961 
619.28597228232 
673.485123622467 
673.33283231701 
666.092373946666 
643.549950058384 
699.265393092 
651.776991233649 
682.721922366527 
673.107706039377 
683.172174921794 
688.234205487983 
635.862549813327 
674.8689880938 
673.392424566971 
653.058224607825 
675.133842538074 
713.127212569197 
638.967968172441 
701.414024771174 
655.438603925739 
727.598197268225 
643.434076239014 
655.918652605986 
664.033130642434 
660.57015878355 
688.896341598668 
653.402535385381 
651.028777428575 
717.12982535829 
637.799297937082 
680.609708173441 
616.256699575935 
731.925256751554 
676.742833287039 
655.11084655095 
633.631151120318 
677.984338494574 
614.723854479698 
694.905226803137 
678.139940480585 
658.683070868097 
616.395748159179 
680.599776131781 
638.835540950304 
675.339104732386 
656.302691550183 
689.383011640022 
680.344853729167 
605.010317735945 
604.080016500432 
626.807838499706 
654.263312329272 
683.844243074139 
642.298512809189 
602.090297487822 
608.6388236225 
630.913082385954 
669.393122458432 
682.662330116566 
667.863588042749 
677.212949925626 
656.935031535888 
668.737607708853 
640.441221018716 
649.7972042627 
