422.300479353437 
404.578406350945 
403.267376851788 
416.407467968338 
417.701944064728 
393.222772052691 
421.813809312084 
395.78192812049 
421.833673395404 
396.897627466995 
396.6129089394 
408.799524056564 
415.142787996929 
421.664828687179 
402.297347449634 
424.214052713318 
401.161784019808 
417.255002190015 
411.835418124056 
429.544248404335 
414.311807178019 
390.183567304646 
428.981432710252 
415.500341496699 
395.636258176139 
402.138434783069 
423.174499019542 
411.474553943732 
422.790460075344 
395.384646454079 
