13.0733890130516 
13.0596569667061 
12.6225482033306 
14.1386620474937 
13.8098417287921 
12.4330560339684 
12.921102185256 
13.5023401187464 
12.5148198715974 
13.5022355313085 
14.2893253366782 
14.3910725399904 
14.0566437184366 
14.0091177023312 
12.5970330001072 
13.3470596808715 
13.3370018188508 
13.4630129482787 
12.6344946848584 
13.4887722525804 
12.4821119038062 
13.2530695886438 
13.2048838884388 
13.4690366586488 
13.9263411891829 
14.924807228724 
12.84680315444 
13.5370562882421 
13.5177315144501 
12.902315079819 
14.2227026431035 
13.3169221741236 
14.2255590974871 
13.0037862527999 
14.1331690874337 
12.2232253927039 
13.5101780303403 
13.4984135092301 
12.9083437314798 
12.3328721740255 
13.0953727869856 
13.8640801535944 
13.3353917898211 
12.8516935530772 
14.0251702862939 
14.4841773790942 
12.8654126611951 
12.8582862865944 
12.6429809447791 
13.6036529787054 
14.5148051147174 
13.0349218123159 
13.7322623630438 
13.1251244724006 
14.1799015872505 
13.6644128197155 
13.6455649603976 
13.5744789673168 
12.6169795884095 
13.4593837093248 
14.2359212920362 
13.2303596048181 
12.8498363276395 
14.2278617545365 
14.3643457970468 
14.3343066025957 
13.465230889411 
14.2676480353215 
11.6793389036408 
13.6914677070242 
13.7015059135544 
14.5257057881604 
12.8496361751058 
12.5291908352744 
14.3819128330802 
13.674662080843 
13.1267438259966 
12.6852464820447 
13.3592312057486 
12.7776752291717 
13.5913523468735 
14.2308441226912 
14.0148695968312 
13.1183067584161 
13.3128046076024 
13.9798582364006 
13.9250190899759 
13.1658147746323 
12.6257066944042 
12.9539233030475 
13.1153230550029 
13.3385725963649 
13.6864490429614 
13.222662746381 
12.9603352427473 
14.4671923607765 
12.6159946343175 
13.2569288021451 
13.5377393415727 
13.7782901033757 
