1080.63923944398 
1012.47232684892 
1071.77985828301 
1002.81176099403 
977.581064496361 
1066.77410928623 
1008.06581103231 
1124.91628116551 
1013.38276400112 
1056.77254333433 
973.634733276677 
950.784416096926 
1020.26235819114 
1054.6206009746 
1133.25588547959 
972.293907652539 
987.655465420438 
1143.73087875063 
1135.66275024193 
1048.07869620103 
1128.89902987128 
1011.71749168274 
1050.17435699135 
887.553728207031 
1093.14699057482 
1127.54165084437 
958.687010577955 
985.801484310519 
995.495156970952 
1146.70718056816 
