0.0986841204437402 0 4.9191838415214 24.7823816259905 8.76468094453249 0 0 0 0 2.36811481141046 1.34142960063391 6.02928357210777 0.21207681141046 0 8.65867529635499 0 0 108.217723496038 0 0.511152529318542 0 0 0 0 0 0 10.8818627068146 0 0 0 0 0 0 9.13701368938193 47.5283163074485 0 0 0 0 0 0 0 0 0 0 0 0 0 0 0 0 0 0 0 7.09431048177496 41.7975337400951 24.2001400729002 0 0 2.3797114770206 0 0 0 53.8356452012678 22.0714234675119 0 0 0 0 0.737451736925515 0 0 1.29751130269414 0 0 3.45915903645008 0 0 0 0 0 0 0 0 0 0 7.71246135974643 0 7.87921610459588 0 0.770259381933439 15.6402518193344 0 0 43.4337895023772 43.2194351759113 3.60363000316957 1.39659753090333 0 0 
10.6441960380349 0 9.94886998415214 0 0 0 0 0 0 0 0 0 0 5.30884735974643 0 0 0 0 0 0 0 0 0 0 0 0 0 0 0 0 0 0 0 41.4037596925515 0 0 0 0 0 3.06219376862124 0 0 0 0 26.3651083835182 0 0 0 46.5417122694136 0 0 0 6.00120381616482 0 0 0 0 0 0 0 0 0.312142576862124 0 7.88547954675119 0 0.269037188589541 0 0 0 0 0 0 0 0 2.91080126782884 5.90035183835182 0 0 0 0 0 0 14.0470030491284 0 0 0 0 0 0 10.0851283740095 11.2116816481775 0 0 0 25.8047451220285 0 84.5298406275753 0 69.6532228431062 0 
0 0 0 0 0 3.70359157844691 0 0 0 0 0 0 0 0 0 0 0 0 0 0 0 0 0 5.19912378129952 1.3724357274168 0 0 3.57264604437401 12.7843477464342 1.21667603169572 8.26632169889065 0 0 0 0 0 0 0 0 3.11194255784469 40.516323977813 0 0 0 0 0 1.13991554358162 0 0 0 18.2279845103011 0 0 0 17.3019237717908 0 11.6051326180666 2.49179515689382 11.8118902345483 0 2.01521126465927 0 0 11.9231357147385 0 0 0 9.6155041933439 0 0 0 0 0 0 24.4120781711569 4.02326910301109 0 8.60627832012679 0 0 0 0 0 0 86.1421769793978 17.5269747797147 0 0 0 0 2.29297100475436 0 7.32837010776545 0.709796101426307 0 14.7544354358162 0 10.4041283708399 0.976557676703645 0 
25.8312578700476 0 0 0 0 0 0 0 0 0 0 0 0 0 0 0 0 0 0 0 0 0 0 1.90584637717908 0 0 0 0 12.7295316640254 0 0 0 0.270311515055468 0 10.6391642345483 0 14.1894169572108 0 0 0 0 0 0 0 0 0 0 0 0 0 0 0 0 0 0 0 5.04723149286846 0 0 5.15207574009509 0 0 0 0 0 31.7849288938193 0.0621502567353407 0 0.0830808779714739 26.0486643518225 0 0 0 0 0 0 1.3380689889065 10.1293950110935 0 0 0 0 0 0 0 0.952185369255151 1.25530461172742 0 0 0 0 10.3651859366086 6.88502473534073 0 0 1.38135828843106 2.47967857369255 42.6308647543582 0 4.70855871315373 
0 0 0 0 0 0 0.825213816164818 17.5975229635499 0 0 0 3.26689291283677 0.00894065293185421 0 0 0 16.045210614897 0 0 3.32074381299525 0 0 0 0 0 0 0 0 0 34.1310203423138 0 0 0.790855064976228 31.2960209984152 0 0 0 0 0 1.4624981362916 89.7992522028526 0 0 0 0 0 0 0 0 0 0 0 0 0 0 0 0 0 0 0 0 7.71316392393027 0 22.1774217242472 0 0 0 0 0 0 0 0 0 0 0 0 0 0 0 0 0 0 0 0 0 2.69436148652932 0.477412107765452 3.09528562282092 6.75723104912837 0 0 0.868526833597465 14.8099331759113 2.46967769889065 0.865710792393027 19.5631308050713 0 0 62.1040047575277 0 
0 0 0 0 0 4.15567980982567 0 0 0 0.00933179397781303 0 0 0 0 0 0 8.2945948526149 0 26.2740840602219 0 0 0 0 1.8184552614897 0 0 0 0 0 0 0 0 0 0 0 0 23.0587665641838 0 0 6.61460166719493 0 0 18.202777755943 0 0 0 0 109.526100656101 0 2.89125878605388 0 0 2.70478733438986 0 0 0 44.7436821077655 2.07262752139461 0 0 0 0 0 0 0 11.397745096672 1.78988043106181 0 0 16.8875909128368 5.20516491600634 0 1.14698919492869 15.4199174833597 0 0 0 0 14.2819608335975 0 0 0 0 0 23.4416250079239 15.4615815213946 0 35.0919190079239 0.0800317591125198 0 14.9407525990491 3.18784775911252 24.9251447733756 0.339683968304279 45.9182111537243 0 18.4012029825674 0 0 0.238926583201268 
3.4799296703645 0 0 0 0 0 0 0 0 39.7410117686212 0 0 0 0 0 1.92877230744849 0 0 0 0 0 0 19.6718924532488 0 0 0 0 0 0 0 0.271618744849445 0 3.88140793026941 0.825213816164818 0 5.37792958478606 0 8.23202142947702 0 0 0 0 0 0 0 4.60476253565769 0 0 26.5213042028526 0 0 0 0 0 0 2.89114563232964 0 0 0 0 0 0 3.3932508526149 0 0 0 0 0 0 0 0 0 0 1.62012386053883 0 0 0 0 0 2.34645806339144 0 0 1.96857660855784 0 0 0 23.0208028335975 0 8.39365462757528 0 0 0 0 0 1.7514676481775 1.66783489064976 3.56712268462758 0 1.96398233914422 26.3876005229794 
0 0 0 0 0 0 0 28.3283040031696 8.54006215213946 0 0 0 0 0 0 0 0 0 0 1.79970091917591 0 0 0 0 0 0 0 0 0 0 0 0 33.6538150459588 0 0 6.67487044690967 0 0 0 0 0 0 56.7460648811411 0 0 0 0 0 0 0 2.13285622820919 8.98996610459588 0 0 0 0 0 122.284999889065 1.43298684944532 0 0 10.646290881141 0 0 0 0 12.5368225768621 0 0 0 0 0 0 0 0.610311993660856 0 0 0 0 0 6.11105730903328 28.0161074896989 0 8.57083825673534 0 0 0 0 0 5.21284128050713 5.01437185736926 15.7831081901743 0 17.589806066561 9.85295662440571 7.83484761965135 2.78125002218701 0 40.5808331949287 1.46657739461173 
0 0 0 0 0 0 0 0 0 0 0 48.3361476640254 0 0 0 0 0 0 0 0 0 0 0 0 8.19165882091918 0 0 0 0 0 0 7.04993443740095 0 0 0 0 0 0 0 0 0 0 0 0 0 0 0 0 0 63.9380809825674 0 0 0 0 0 0 0 0 0 0 0 0 0 0 7.28637309984152 0 0 0 2.90973405388273 0 62.2142887004754 12.538039096672 17.8179891885895 0 0 0 0 4.75440977496038 9.97454787955626 0 0 0 64.4430152678289 14.4916342916006 0 0 0 13.1017180919176 1.36956302377179 0 0 0 16.6159197432647 44.1125271061807 43.4143453597464 0 0 10.5880364183835 0.331215540412045 0 
0 0 0 0 0 0 0 13.4793273343899 0 0 9.8900198415214 9.46641938510301 0 0 0.801764830427892 0 0 0 0 0 15.9263633724247 0 0 0 0.219299778129952 0 4.14445294136292 0 0 1.07595097305864 0 0 0 35.5666501933439 0 0 0 0 0 0 0 0 0.079936735340729 0 18.2558760950872 1.01061807290016 0 0 34.5332204786054 0 0 0 0 0 9.88527617115689 156.557592602219 61.5463856386688 0 0 4.0017771251981 0 0 0 0 0 0 0 0 0 0 0 0 0 1.05296819968304 0 0 0 11.290417911252 0 0 0 0 1.06446170206022 0 0 0 0 38.4611292424723 0.668801201267829 0 0 1.16041419017433 0 0 9.44303956576863 34.8581051949287 0 0 0 0 
0 40.1132797305864 0 0 0 0 0 0 0 0 0 0 0 0 0 0 0 0 0 0 0 0 0 0 17.9668911347068 0 0 0 0 0 0 0 0 0 0 0 0 1.82945843740095 3.22753264659271 0 0 0 0 0 8.78098447860539 7.73971835182251 2.2789029540412 0 0 0 0 0 1.51559225990491 0 0.616037885895404 0 0 0 0 0 0 7.19520565768622 5.05348108082409 0 0 22.5743654421553 0.0205105610142631 0 0 0 0 0 0 0 0 0 0 0 0 0.257313958795563 3.23655849445325 0 0 0 0 27.1608323549921 0 0 6.63498850079239 23.352927866878 0 0 4.00768791125198 4.17958798098257 8.87535348969889 0.00136731220285263 7.50678173375594 30.9878302345484 8.80957596830428 0.454029508716324 
0.497265952456418 0 3.04068963549921 2.29847517591125 0 0 14.4222310142631 0 0.37250957844691 0 0 0 0 9.0443407385103 0 0 0 0 0 0 20.6966424405705 0 0 0 0 0 0 37.0929388019018 0 0.648518817749604 0 0.733188564183835 0 4.19412963866878 0 0 0 0 0 0 0 3.92117734389857 0 3.62408527416799 0 0 0 0 0 0 0 0 0 0 0 0 6.10483618066561 0 1.7465732836767 71.2967671093503 0 9.11887344215531 0 0 0 0.191461920760697 0 0 0 0 0 0 0 0 0 0 0 0 0 0 0 0 0 0 0 0 0 3.49918643423138 0 2.18014937242472 0 0 0 0 0.241528066561014 0.709357660855785 3.25904106497623 10.8758495467512 0 7.31585405071316 
6.22781107131537 0 0 0 0 0 0 0 5.94862321077655 1.39888629160063 4.36560735974644 2.64225736608558 4.51929483359747 0 3.1172437496038 3.08428095087163 0 0 0 0 0 0 0 4.46149701743265 39.0360618827258 0 0 0 0 0 81.9732252900158 0 0 0 0.0584541267828843 0 0 0 0 0 38.6802201204437 0 0 0 0 0 0 0 0.83545189540412 0 0 6.90695903645008 0 0 0 0 0 16.4005931664025 0 0 0 8.50670491600634 11.2434307004754 0 0 0 0 0 0 0 2.24994623771791 0.955480611727417 0 0 0 0 46.9843008716323 0 0 0 0 11.4580927448494 0 0 0 0 0 0 0 13.8380921965135 0.00446045958795566 13.3388564564184 0 14.8513277305864 18.3780632931854 0 30.0450719841521 0 0 0 
0 0 0 0 0 0 0 0 0 0 0 0 6.47163096988907 0 5.38626919809826 0 0 0 25.6010177876387 21.2170430681458 10.512419296355 0 60.0173066212361 7.32618368938194 0 6.72565888114105 0 0 0.240077445324881 0 0 36.9012793470682 0 0.220744142630745 0 0 0 0 59.0918941426308 0 0 0 0 0 0 0 0 0 0 0 0.233920095087163 0 0 0 0 0 0 0 0 0 0 0 0 7.7088703518225 0 0 0 3.98611809508716 0 0 0 0 0 0 0 0 0 0 0 0 0 0 0 0 2.27127371156894 13.4483741267829 0 0 34.9613776703645 0 0.00933179397781303 8.74549612995246 0 20.092342503962 0 64.7469058066561 25.5610474009509 11.9758200126783 0 0 
0 18.7931792234548 0 0.182290608557845 0 0.079936735340729 0 0 0 0 13.4256780316957 0 0 0 0 0 2.35320302377179 0 0 0 0 0 0 0 1.18362562282092 116.77764170206 0 0 0 0 0 0 0 0 0 4.85612467511886 0 0 8.80505698256736 0 0 1.27933472583201 0 0 0 0 0 0 0 0 0 0 103.272844041204 0 0 0 0 0 0 0 0.919540329635499 0 0 0 0 0 0 0 0.0800317591125198 0 0 0 0 2.74772385736926 0 0 0 0 6.33292335340729 0 0 0 32.3168610142631 0 0 0 0 0 0 5.8749984088748 23.7695107892235 0 6.95784754358162 0 2.92618410459588 31.0821046529319 0 4.9717755118859 0 23.4576510174326 
0 0 0 0 0 0 0 0 1.80255503011094 0 0 0 0 0 0 0 12.7524236767036 0 0 0 0 0 16.4887750681458 0 0 0 0 0 0 5.33196008874802 21.7426143518225 0 0 0 0 0 5.67327749920761 0 0 1.67618989540412 0 0 16.271096725832 0 0 0 6.65181737876387 0 0 0 0 0 1.30287567987322 0 3.45494254833598 0 0 118.896593030111 2.99602201267829 41.6938678541997 0 0 0 0 0 35.0698867131537 0 7.63060594928685 0.722516424722663 0 0 9.6907718637084 0 0 2.62087579080824 0 0 0.0112207860538827 0 0 0 0 0 1.93696786687797 0 0 0 0 1.50054580031696 0 4.60251109350238 16.6077164025357 2.83259450396197 2.01940783201268 5.39199212995246 37.4202530427892 0 0 0.0921633977812995 0 
0.0257420507131537 0 0 0 1.721912 6.52486432646593 1.11653301743265 0 0 0.903934307448494 0 0 11.3711022567353 0 0 3.48036832646593 0 0 0 20.8650156576862 0 0 0 0 0 6.34364154358162 0 0 0 0 0 0 0.0861396703645008 0 0 0 47.4842821870048 0 0 0 0 0 0 10.0199533058637 0 3.99959919175911 0 0 0 0.981081093502377 0 0 0 0 14.9559013977813 0 0 0 6.90879968621236 8.29933991442155 0 0 0 0 0 0.241528066561014 0 0 10.4288521584786 40.1367393153724 0 0 17.2158975784469 0 0 0 0 2.79255193343899 10.5318057844691 0 0 0 0 63.2419013280507 0 0 0 0 0 0 35.7139497622821 11.6084480633914 2.7497065451664 3.10365470681458 0.541871274167987 0 0 7.60705468145801 0 0 
0 0 0 0 3.32447757527734 0 0 0 0 2.33127938827258 0 46.209815518225 0.0743195372424722 0 9.26131219017433 52.047542177496 0 0 18.8255456354992 0 4.94365234231379 0 0.0159374041204438 0 0 4.31436472900159 0 15.164113429477 0 18.8291835435816 0 0 0 0 0 0 0 0 3.14508330269414 0 0 0 0 0 0 0 0 1.58580706497623 17.1583964025357 0 0 0 0 0 0 0 0 4.78178429477021 0 0 0 0 0 0.0530334960380349 0 0 0 0 36.1867353882726 1.80223525832013 0 0 0 0 1.12489944532488 0 0 0 0 2.57930229793978 5.63866109984152 0 0 0 0 0 10.6972508082409 0 0 7.97015185736926 0 0 10.0247020633914 0.807571822503962 2.03394597464342 0 0 15.2771004152139 0 2.82089503011094 
0 0 0 0 0 0 0 0 0 0 0 4.46894250079239 0 0 0 0 0 0 73.7995198161648 0 5.39981102377179 0 1.25543707131537 0 0 0 0 0 18.2241257496038 39.2368283898574 0 0 0 0 6.81451298256735 0 0 20.0374473343899 0 0 0 0 84.3662965990491 0 0 0 36.3162184342314 0 0 0 0 0 5.63246108399366 0 0 0 0 0 0.294216418383518 0 0 0 0 6.49737242789224 0.00533511885895404 14.5174825863708 0 1.10430849762282 4.75730778763867 0 0 0 0 0 0 0 0 0 0 0 0 0 6.44220211727417 0 0 25.1098144690967 4.10137115689382 0 0 0.0579962599049128 0 2.19320782250396 0 18.5664139144215 13.5934706561014 91.4509475245642 25.0218713946117 81.499146792393 0 0.262858662440571 
0 8.46180441204438 0 0 0 0 0 0 0 0 29.9938244405705 0 0 0 9.94395316323296 0 0 0 0 0 0 0 0 0 0 0 11.6102068272583 0 0 79.4700358858954 0 0 0 0 2.32830028526149 4.98831878605388 5.49316495721078 0 0 0 0 0 0 0 4.93070909667195 0 0 15.8142156671949 0 0 0 0 24.5272316196513 0 0 0 0 0 0 0 6.28188836767037 0 0 0.0491533565768621 0 0 60.9204033122029 0 0 17.9386427099842 0 0 0 0 0 2.31378599049128 0 0 0 0 0 0 0 0.956645828843107 0 0 0 0.704572272583201 0 0 0 0 15.3289158351823 4.43844594928685 6.03666911251981 40.7515820538827 3.49911812995246 5.06057056101426 47.7084118351823 0 
0 0 0 7.77900133755943 0 0 0 0 8.45097684627575 0 0 0 0 0 0.482785483359746 1.76610754041204 0 0 0 0 0 17.0992884025357 0 0 0 31.6145380253566 0 0 0 0 0 13.2538052171157 0 0 0 0 0 107.424415502377 3.90885146117274 0.0584541267828843 0 0 0 3.51705180348653 0 0 26.0550226782884 0 0 0 0 0 0 1.27995982567353 0 0 0 0 0 0 0 0 2.36386299841521 0 0 0 0 56.8020221933439 0 0 0 0 0 4.97747570206022 0 0 0 4.45320756893819 4.2102404437401 0 0 0 0 0 0.199294326465927 0 12.1696328684628 0 0 0 5.90118681458003 0 0 0 0 45.812015052298 7.11479608240888 2.87973124881141 0 0.628473556259905 
0.420796228209192 0 0 0 0 0 0 90.5829772107765 0 4.27228736925515 0 0 2.45552664659271 0 0 0 0 0 0 17.6642354865293 0 0 6.79820161965135 0 0 0 7.87605375911252 0 0 4.58633201901743 0 0 0 0 0 0 0 0 0 0 0 0 0 0 5.31848315372425 0 0 0 0 0 0 0 1.82382104278922 0 0 21.291985911252 0 0 0 0 0 0 0 49.1861690903328 0 0 5.34986347385103 0 0 3.33124289064976 0 0 0 0 0 8.15226666561014 0 0 0 0 0 0 0 0.956645828843107 4.77896491917591 14.7850750649762 5.29365013946117 0 7.93682745800317 1.31599218066561 0 0 2.80225375277338 0 0 11.0911466529319 0.886846320126783 12.4031834104596 96.2330806053883 0 
0 0 0.0861396703645008 0 0 0 0 0 0 0 0 0 1.93998009825674 0 0 0 0 0 0 0 0 42.4894339366086 0 41.1146996957211 0 0 0 0 0 8.28026242789224 0 5.3019968177496 0 3.80057712202853 0 0 0 0 0 0 0 22.2820009096672 0 32.5076961743265 0 0 0 0 0 0.360734316957211 0 0 4.43858507131537 0 8.92000351505547 0 0 0 0 0 0 0 10.4371143581616 0 0 0 0 0 0 0 0 0 0 0 4.92852483993661 0 0 0 1.76186703961965 0 0 16.5791066877972 0 5.84746452614897 0 0 0.805904 0 0 0 0 0 2.73189791442155 1.63230327733756 3.89929672266244 14.2468721458003 26.4472137305864 0 18.9269166624406 0 
0.192671632329636 0 0 9.5025487163233 0 1.38055217749604 8.74471808240888 0 0 3.26266099841521 0 0 0 62.9257285388273 0.354949575277338 0 3.56621387321712 0 0 0 0 0 0 0 0 0 0 0 0 0 0 0 3.83749707765452 0 0 0 0 0 0 0 0 0 0 1.68500387321712 0 30.1830409445325 0 0 0 0 0 1.17775546117274 0 0 0 0 0 0 0 0 0 0 0 0 0 0.0537329286846276 0 0 0.519891936608558 0 0 0.458939870047544 0 0 0 1.19992205071315 0 1.11218599683043 0 0 0 0 0 0 0 0 0 0 0 1.92118807290016 0 0 0 0 0.799943920760698 0 1.26477838351822 4.42072581299524 2.50640127099842 4.40760465610143 
0 0 0 0 15.4559667226624 0 0 1.21349622820919 0 0 0 2.8578864437401 0 0 0 0 8.88912525198099 5.14995558478605 32.6912841965135 0.929383267828843 0 0 0 9.47412099524564 0 0 0 0 0 0 4.93630572107765 0 0 0 0 0 0 0 0 0 0 0 0 0 0 0 0.0584541267828843 0 0 28.0765769698891 0 0 0 0 0 123.891627800317 0 0 0 0 0 3.14749553724247 0 0 0 0 0 0.00533511885895404 1.50273084310618 0 21.2773215372425 0 0 0 0 8.853367977813 0 0 68.692757518225 0 0 6.89478336925515 0.478737749603804 0 0 0 5.21459276386688 1.17813865610143 0 0 18.9491476703645 0 12.9559098763867 24.5324043232964 0 4.81715439302694 38.7078604722663 0 0 0 
0 0 0 0 0 0 0 0 0 0 0 0 0 0 0 0 24.6739626751189 0 0 0 0 0 5.61452249762282 0 0 0.484735530903328 0 0 0 30.006807473851 3.06101425356577 0 0 0 0 0 0 0 0 0 0 0 0 0 0 81.3126508526149 0.0350407606973059 0 0 0 0 0 0 0 14.2069344025357 0 0 35.7499937527734 0 0 0 12.7727172551506 0 0 0 0 0 4.84467533755943 0 0 33.5846494580032 0 0 0 4.60621496671949 10.7830188177496 0 0 70.5603340950872 0 0 2.23962052614897 0 0 0 0 11.729844110935 0 0.0579962599049128 0.72530222503962 11.5256286339144 0 18.7565111156894 61.4726911759113 80.0610243803487 0 0.226923721077655 15.7702696386688 0.227105787638669 0 
0 0 3.59607969255151 13.521932022187 0.636214057052298 0 0 0 4.8443119429477 0 0 0 0 0 24.7644308684628 0 0 0 0 0 0 0 0 0 0 0 24.6784387448494 1.30330012044374 23.5839889477021 0 0 25.071991229794 0 0 0 0 0 0 0.167523575277338 0 0 0 0 0 0 0 0.0606984088748019 0 0 0 6.23266012678289 3.80810817432647 0 1.75463947068146 0 0 6.64023990174327 0 0 0 0 0 0 2.43827811727417 0 0 0 0 0 0 0 0 0 0 0 0 21.0978860285261 0 0 0 0 0 0 0 0 0 34.2453676576862 1.2684718637084 0 0 0 10.2379034231379 0 6.28621539144216 3.63088049762282 0.897155778129953 7.74810450079239 0 0.492528 0 
0 0 4.31032352773376 0 0 0 0 0 0 0 0 2.68967930903328 0 0 0 0 0 0 0 0 0 11.6707760729002 0 0 0.217372792393027 0 8.71764086846276 8.75979059270999 0 0 0 0 0 0 0 0 0 0 0 0 2.32575352139461 0 0 12.6962342472266 50.5483157274168 21.1730440507131 0 0 1.0237803866878 0 23.81497259271 0 0 0 4.85234723613312 0 3.62646647226625 0 0 0 0 0 0 0 0 0 0 2.98728979397781 0 2.43565529635499 0 0 0.958653147385103 0 7.44324287797148 0 0 0 1.27152393343899 53.8270733724247 0 2.16282965451664 0 1.86187987004754 9.98143599683043 0 0 0 6.31152878922346 0.158488 0 3.12205246909667 0 0.997925613312203 0 0.397299505546751 5.18859311568938 0 1.52495083993661 0 
0 0 0 4.10892959429477 0 0 3.59576305546751 22.6898507353407 0 0 0 1.47580039302694 0 2.27546941045959 0 11.9940636513471 0 0 0 0 0 0 0 19.0905569128368 7.33408063074485 0 0 0 0 0 0 0 0 9.65950443740095 0 0 0 0 0 0 0 0.397518034865293 0 0 0 0 0 1.75015858637084 0 0 0 0 0 0 0 0 0 0 0 0 0 0 10.0122805515055 0 0 0 0 0.25889018066561 0 0 10.9039215467512 0 0 0 0 0 0.597015277337559 0 0 0 0 13.5235583740095 0 0 0 0 7.82647628526149 0 0 0 15.2414532266244 0.083935438985737 7.38832352139461 0 0.462376738510301 5.81666085578447 29.3772124310618 0 20.9653488177496 15.1765175467512 
7.2256604088748 0.277482611727417 3.54664700158479 0 0 0.347122535657686 1.81117391442155 47.070062637084 14.2178025388273 0 0 0 3.90659910301109 0 0 0 0 3.56052490015848 0 0 25.8584764278922 67.3799415182251 0 0 0 0 0 0.079936735340729 0 0 0 0 0 0 0 0 0 0 4.8757179207607 0 6.38737381616482 0 1.98623142313788 0 0 0 4.42050382567353 8.52579416798732 0 100.657590057052 0 0 0 0 0 0 9.56834080190174 0 0 0 0 0 0 0 0 1.54114077971474 5.59393682408875 0 0 0 0 0 0.778485812995246 0 9.99634933755943 5.5674510681458 0 0 0 0 0 0 0 0 2.17101787004754 0 20.8287444310618 0 0 0 0 1.1347428748019 0 2.09382662123613 0 12.8754999841521 18.9286112551506 22.5110169730586 45.0219211283677 0 
0 0 0 0 0 0 0 0 0 0 20.3519786465927 5.20950985736926 0 0 1.03593122662441 0 0 0 0 0 0 0 21.5314817369255 0 0 0 0 2.72332771473851 0 0 0 0 0 8.36307284627575 132.4075758542 0 0 0 0 0 0 0 0 0 0 0 0 0 0 0 0 0 0 0 0 0 0.0584541267828843 0 0 0 44.7606074009509 0 14.8484240729002 0 0 0 0 0 0 0 0 4.53286783835182 0 0 0 0 0 0 0 0 13.9326329762282 0 0 0 0 0 12.5719091473851 0 5.60104969572108 0 0 0 16.6178219714739 4.94283870681458 19.8787599461173 0 61.7776234389857 0.128636148969889 0 0 
0 0 0 4.57298670364501 0 0 0 23.2228398795563 0 0 9.64612740095087 0 0 0 0 1.35251795562599 0 0 5.11884234548336 0 0 0 0 0 0 0 0 0 0 0 79.6818695689382 7.29573886529319 0 0 0 0 2.98138303328051 0 0 51.0107934041204 0 0 0.426657632329636 62.6651536830428 0 0 0 0 0 0 0 0 0 0 0 0 0 15.4923381394612 0 0 0 0 0 0 0 0 0 0 0 0 0 0 0 0 5.85807418700476 0 0 0 0 0 0 3.88938933438986 0 0 0 3.51009652931854 0 0 0 0 64.2692810586371 16.4626323581617 0 3.79679423771791 2.69815028209192 0 4.79864828843106 11.924365385103 61.9752100348653 1.00433524247227 
4.76812845641838 0 0 0 0 0 0 0 0 0 0 47.7969073502377 0 0 0 0 0.137932995245642 0 0 0 38.8566133692552 0 38.8842535721078 0 0 0 0 0 0 0 11.8032078383518 0 0 0 13.1479291315372 0 0 0 74.4707388462758 0 0 0 0 0 8.87660829160063 0 0 0 0 9.80376675752773 0 0 0 0.441294580031696 0 0 0 0 0 0 0 7.19869166085579 0 0 0 0 0 0 0 0 0 10.2769283740095 0 0 3.45248608240887 3.40250390491284 0 0 0 51.7161131759113 0 0 5.82059623137876 27.3053145419968 0 0 3.73609164500792 0 7.12977664976228 0 0 0 1.40398415847861 0 11.5652714326466 16.696342526149 0 15.7795321426307 69.2906095245642 3.03131375911252 
0 0 0 43.6659851473851 0 0 171.68961192393 22.8225052709984 0 0 0 0 0 0 0 0 0 0 0 0 0 0 0 0.51694135340729 0 32.1414146624406 0 0 0 0 0 0 0 0 3.1722198637084 0 0 0 0 0 0 0 0 0 0 31.6943239683043 0 31.9148614611727 0.692497863708399 0 0 0 0 0 0 0 0 0 0 0 0 2.67147407290016 0 0 0 0 0 0 0 0 0 4.4026849318542 0 0 0 0 0 4.27117316640254 0 0 3.14829806339144 0 0 0 23.2654565388273 0 11.0517076988907 0 0 0 0 0.275950443740095 10.1124735594295 30.326545540412 0 0 5.07218708399366 8.41647990491284 0.945397039619652 0 
0 0 0 0 0 0 0 0 0 0 0 0 0 0 0 0 0 0 0 0 0 0 7.800333318542 0 19.0531919587956 0 0 137.038012180666 0 0 0 68.5524616576863 0 0 0 0 0 0 0 0 37.3294262789223 0 5.9318912044374 0 0 2.71476423137876 0 0 0 25.5048255087163 0 0 0 0 0 0 0 0 0 0 0 0 0 4.23864588589541 0 0 3.00766249762282 0 0 0 0 0 1.37894896671949 0 0 0 0 0 0 19.5039003042789 3.24436083676704 0 0 0 0 0 0 3.72237057686212 12.9456417052298 0 2.24521938827258 0 0 2.58830428209192 0.255924050713154 7.7126851822504 0 2.24534684944533 0.800960361331221 0 
0 0 2.49288606973059 0 7.66119651980983 0 0 0 1.77302866561014 0.00660561014263075 0 0 0 0 0 0 0 8.35366934706814 0 6.58420352773376 2.44281349920761 0 0 2.39651203803487 0 0 0 0 0 0 8.96257162916006 0 0 0 18.7625039873217 29.248243800317 0 6.51150125515056 0 0 0 0 0 4.52836976862124 0 0 0 0 0 0 0 0 1.3688691822504 0 0 7.87549733122029 0 0 0 0 0 0 11.392209933439 0 8.27436717908082 0 0 0 0 20.4230559936609 0 0 1.11325048177496 0 0 0.173309857369255 0 0 0 0 0 0 0 0.693089175911252 0.859119730586371 0 3.76522456735341 0 0 0 0 0 0 0 0 4.55712399049128 0 3.69185284627575 10.9364248716323 1.01448887163233 
0 0 13.62347 46.4890793882726 3.13019308716323 0 0 0 0 5.39182425356577 3.0732378066561 0 0 0 0 0 0 0 0 0 0 0 0 0 0 0 0 23.2969410839937 0 0 0 0 0 0 0 0 0 0 0 0 0 0 0 0 0 0 0 0 0 0 0 0 98.5597349033281 0 0 142.900316576862 0 0 0 0 0 23.5435859080824 0 0 0 14.6410753565769 0 0 0 0 0 0 3.718958681458 0 0 0 0 0 0 6.24436087797147 0 17.1905527511886 0 1.46328053248811 0 0 0 12.6591471949287 0 0 20.3472069381933 0.238446139461173 1.41029791759113 17.2279680729002 27.2347106180666 0 1.45478898256735 5.37703449128368 0 4.11882562599049 
0 0 0 5.24990848494453 0 0 0 0 0 0 0.0800317591125198 0 13.1048682123613 0 0 10.0947817686212 0 0 0 0 0 2.24065831378764 0 0 0 0 0 0 10.772506770206 0 0 0 0 0 0 0 0 0 0 0 0 0 0 0 0 0 11.7584028938193 0 0 0 0 0 6.92611944215531 0 3.2218389540412 0 0 0 0 0 18.5590251980983 0 0 0 0 107.074600095087 0 4.36176921077654 0 0 0 0 1.01283847543582 1.79470354358162 0 27.9677008652932 0 0 0 0 0 0 0 0 11.2008861236133 0 0 16.1509781045959 14.9911107987322 0 1.82990629160063 0 30.4381943391442 6.36295942313788 38.0949812012678 130.347375134707 0 41.4272755721078 0 0.300996805071315 
0 0 0 0 0 0 0 0 8.91955535974643 0 0 0 0 49.6508637052298 0 0 0 0 0.768139996830428 0 0 0 0 0 1.0675413977813 0 0 0 0 0 12.0766748019017 0 0 0 51.1028084849445 0 0 0.00537526148969891 3.74204927416799 0 0 3.58782748335975 37.4818383518225 0 4.80164300158479 0 5.46080481774961 0 0 0 0 0 0 0 0 0 0 0 6.97440934389858 0 0 0 0 0 0 0 0.330571546751189 0 0 0 0 0 15.1248055213946 0 1.87924717908082 0 0 0.877602522979398 0 0 1.09816686529319 0 0 4.92393974643423 0 0 0 0 0 6.86760143264659 0 0 0 0 1.91816150871632 6.39447921077655 0.0365197337559429 0.814824510301109 3.33390373058637 0.0224442567353407 
0 0 0 3.14783911251981 0 0 0 5.43220638985737 0 17.187271118859 0 0 0 3.20420095721078 0 0 0 0 0.109325930269414 0 0 0 0 0 0 4.58297724881141 0 0 4.1705988177496 0 0 0 0 0 6.81923632329636 0 0 0 16.3195541394612 0 0 0 0 1.75044707448494 0 0 0 5.67993650713154 0.741362148969889 0 0 0 0 0 0 0 0 9.71638814263074 6.75499774326466 38.6115583454834 0 2.44226564183835 0 0 0 0 0 0 0 0 2.69283992393027 0.76819624088748 3.09984060538827 2.51531989540412 0 0 0 0 2.64098050079239 0 0 0 0 0 5.35513588906498 0 0 0 0.606380031695721 0 0 50.2457508209192 1.11130887797147 3.30509148969889 0 0.273351141045959 21.8762915847861 2.14070738827258 0 7.91027632329636 
0 0 0 26.3102190269414 0 0 0 0 0 0 0 36.6997628019017 0 0 0 0 0 0 0 84.4301909667195 0 3.4269783518225 0 0 0 0 0 0 0 0 65.9417393058637 0 0 0 22.5642271664025 0 0 0.0584541267828843 0 0 0 0 0 0 0 0 0 0 0 0 3.82384622820919 0 0 0 0 2.81496698256735 0 11.7996071125198 0 0 0 0 24.93518 0 0 0 0 0 0 0 0 0 0 15.7100191600634 0 0 0 17.2108096228209 0 0 0 0 0 0.0117252614896989 12.8365983486529 0 0 0 36.136630881141 37.5272782820919 197.416353790808 1.55640049762282 39.9662038763867 0 24.7712164310618 0 0 82.9743881014263 0 0 
0 51.290852748019 0 0 0 0 0 0 0 0 0 0 0 0 0 0 0 0 0 0 0 0 19.301335800317 70.2070824278923 0 0 0 0 0 0 0 0 0 0 0 0 0 0 12.9752743011094 0 0 0 0 0 3.18519337876387 0 0 2.2134364659271 22.1093089603804 0.417325838351823 0 0 2.73301350554675 0 0 0 0 0 0 0 0 0 0 0 0 0 0 0 0 0 0 2.71668932488114 0 0 0 0 0 0 0 0 0 0 0 10.3422989825674 0 3.71109481141046 0 6.20417724564184 0 0 0 28.6205773026941 9.16642554358162 0 19.2201897939778 35.7755488938193 0 3.39806770522979 0.271217793977813 84.265987866878 
0 0 38.8160494104596 0.0537329286846276 0 10.1514563296355 0 0 0 0 0 0 0 6.81799494453249 7.94925460855784 0 0 0 0 0 0 0 0 0 0 0 0 2.685560659271 0 10.6593869191759 0.0937902250396198 43.9694632709984 0 0 0 0 0 0 0 0 0 0 0 0 0 0.549302091917591 0.347122535657686 0 0 0 84.2917281933439 0 0 4.9075358858954 2.95984522979398 0 0.079936735340729 0 9.76561176862124 0 0 0 0 0 0 0 0 10.1166505800317 0 0 26.5553586180666 0 4.09500074167987 0 0 0 7.20476662757528 0 0 0 0 0 0 0 0 0 2.0896568177496 36.8098616164818 0 6.90500816798732 0 0 2.75530394611727 3.02974176862124 0 0.701230101426308 0.448574155309033 5.81996474484945 0 4.998625977813 
0 0 0 0 0 0 0 0 0 0 0 0 0 0 0 11.1204351442155 23.5446263011094 0 0 10.9392843930269 0 3.68835587955626 0 0 27.3761772868463 9.24024567353407 0 0 0 0 0 0 0 0 0 0 0 0 0 18.862249755943 0 0 0 7.87434928684628 0 8.46798667828843 0 0 0 0 0.860183683042789 0 2.66713480190174 0 0 0 0 0 11.5326142630745 12.5695709001585 4.09713585103011 0 0.79052612044374 0 0 0 0 0 23.8534267955626 0 18.7091694770206 0 0 15.6207473122029 0 0 0 0 5.40730040253566 0 0 0 0 0 0 0 0 0 18.6548094548336 8.25055686212361 0 32.5399166434231 11.4058426909667 15.2065503232964 25.7960918922345 0 10.8064881838352 16.548787274168 45.6524296228209 0 
0 0 0 0 12.8145756450079 0 0 0 4.18940505229794 0 0 0 0 0 0 0 0 7.82481602218701 0 0 0 0.533092015847861 0 0 0 4.55525814896989 43.4897196925515 0 0 0 0 0 72.941364659271 1.18724848177496 0 20.5045543423138 0 0 0.208751933438986 0 2.65214107131537 0 0.453734389857369 0 0 0 0 0 0 1.67531124247227 0 0 0 0 0 37.2527794992076 0 0 0 0 0 9.00875435182251 25.2755892012678 0 0 0 0 0 0.0117923423137877 0 0 0 0 0 0 0 0 0 60.2332380602219 0 0 9.83122042155309 0 0 0 12.4859648557845 0 13.258792548336 0 5.15957238985737 0 4.51357769889065 0 50.0013969572108 0 7.50623358795563 7.08623684310618 0 82.7637483423138 0 
0 0 0 0 0 0 1.75299614263074 0 0 7.64922423454834 0 0 0 0 0 0 0 0 0 20.3023776038035 0 0 0 0 1.56400313153724 0.835171746434231 0 0 0 0 0 0 0 0 0 0 0 14.7922936101426 0 0 0 0 0 18.6254017971474 0 0 0 0 42.6169890206022 0 0.115767546751189 0 0 0 0 0 0 0 0 0 0 72.874740703645 0 0 0 0 0 0 0 0 0 0.507155461172742 0 0 0 0 0 0.374630126782884 0 1.6259276133122 2.38990095721078 0 0 0 0 0 9.37710588906498 0 0 0 0 0 2.41944417749604 0.304875261489699 0 0 2.09941361014263 0 4.45858073534073 0.82382099207607 
0 35.6047999841521 0 0 0 0 0 1.18724738510301 0 0 1.32495348969889 0 0 17.0125206719493 0 11.7299719207607 0 0 0 0 0 0 0 0 0 0 0 0 50.4275593787639 0 0 0 6.29265930586371 0 1.83899513470682 0 0 14.2077094389857 0 0 0 10.403633385103 0 0 8.37171738193344 0 0 36.049975429477 0 0 3.50085171473851 0 29.9004704500793 0 0 3.572515977813 5.29262870998415 0 0 0 0 0 0 0 9.8651727733756 0 0 0 0 0 0 0 3.63445123613312 0 0 0.653165505546751 0 0 42.5231068082409 2.10080262440571 0 0 0.952185369255151 0 0 2.34959492551506 0 7.1117735911252 0 0 0.274097213946117 0.425316031695721 6.725259340729 0 16.8376410427892 1.1425392836767 18.8043455309033 0.712221191759113 8.57097696354992 0 
0 0 0 0.399613695721078 0 0 0 0 0 0 0 4.19651744849445 0 62.2199922282092 20.4544058161648 0 0 0 0 0 0 0 3.8644991822504 0 0 0 0 0 0 0 0 0 0 0 0 0 0 0 0 0 37.7798485958796 0 0 0 0 0 4.29816326782884 0 0 0 0 0 0 0 0 0 0 0 0 2.10091006656101 0 0 0 9.56036337242472 0 0 0 2.79787932171157 0 0 0 3.2218825451664 2.29978000316957 0 0 0 0 3.49667689381933 1.686612 0 0 10.8028616513471 0 0 24.9229968811411 6.80338006656102 1.82097579397781 0 0 3.92007501743265 0 0 0 14.058519340729 0 42.5178726022187 1.91531700158479 0 3.38848104278922 85.1716580475436 
0 0 0 0 0 0 0 0 0 8.82476483042789 0 0 0 3.37974375277338 0 0 0 0 32.4772133692552 0 0 0.622242380348653 0 0 12.4346923835182 0 0 0 0 0 0 0 6.28365731537242 0 0 0 0 0 0 1.73630570522979 0 0 4.30082847543582 0 0 0 0 0 0 0 0 5.15869856101426 0 0 7.48710181933439 0 3.11214431695721 0 0 0.079936735340729 0 0 0 50.2643375340729 0 10.1209844944532 0 0 12.5012106973059 1.70605414263075 0 0 0 0 0 10.1978032646593 0 12.1804399049128 0 0 0 0 0 0 30.1068995657686 7.76890996513471 0 0 0.0459329128367675 0 0 4.51996241521395 3.8445336133122 0 44.4839856703645 5.02695505229794 21.2403301870048 12.7624008621236 12.776679496038 0 
0 1.02637790491284 0 1.15169184469097 0 0 0 3.72971414263075 0 0 0 0 0 0 0 0 0 0 1.85034799366086 0 0 0 0 5.78863512202853 4.36378935340729 0 0 0 0 0 17.0032527194929 0 0 0 8.55999223454834 0 0 0 0 0 0 0 0 0 0 0 18.8268210808241 0 0 0 0 0 0 0 0 0 0 28.8776035340729 0 1.30758147385103 0 4.50267339144216 0.011377793977813 0 0 0 0 0 0 0 11.8973856545166 0 9.17183089698891 0 0 0 1.28451880190174 0 2.75920389540412 0 0 0 0 0 0 0 4.23154310935024 0 0 0 0 0.0352511759112519 0 0 4.03638729318542 4.40420212044374 0 14.1097192678288 32.0077524342314 0 
0 2.07236306497623 0 0 0 16.4841468177496 0 25.192280155309 0 0 0 0 2.90761915055468 49.4228983740095 0 0 0 0 0 0 0 1.48275490332805 1.45002106497623 32.4266649762282 0 0 0 0 0 13.3990142725832 9.67805586687797 3.74632262123613 0 0 0 0 0 0 0 0 4.4089830110935 0 0 0 0 4.58074181933439 2.05316896988906 0 0 0 0 0 0 0 0 0 3.52961012361331 0 1.32096624405705 0 0 0 0 9.15492604120444 0 7.706382637084 0 0 0.0584541267828843 0 0 3.90277866877972 0 0 0 0 0 0 0 0 0 0 0 0 7.50004893502377 0 6.64336466877971 0 5.93400423454834 0 0 0 18.1364352678288 0 2.39906462440571 8.53214064025357 97.1005807606973 1.36666341362916 43.5820848462758 0.268404145800317 
0 0.299839264659271 0 0 0 2.70619871949287 0 0 49.0197687670365 0 0 42.7868061584786 4.62594568938193 0 0 0 7.04616016481775 0 0 0.446001968304279 17.2808529920761 0 2.7542166022187 0 2.31076768621236 0 0 11.6785702662441 0 0 0 10.9280770649762 0 0 0 0 0 0.64301723296355 0 0 0 0 0 0 0 44.9827116101426 0 20.7641958732171 88.5819443359747 0 0 0 0 0 0 0 19.0239112488114 0 0 0 7.96646029160064 0.0800317591125198 0 0 0 0 0 0 0 7.408629318542 0 0 7.23311095721078 4.32975981933439 4.48063561014263 0 0 0 0 4.112389977813 66.6362133343899 0 0 0 0 1.2743238415214 0 6.14127662440571 0 0 0.102892234548336 3.26160404754358 17.1875319461173 20.1736081806656 0 9.89933612044374 16.9817843993661 0 0.454029508716324 0 
0 0 0 0 0 0 0 0 0 0 0.245729258320127 0 0 0 58.9167190015848 0 0 0 0 0 0 0 0 0 4.40686327733756 2.91853693819334 0 0 0 9.37182694136292 1.603752 0 0 0 0 0 0 15.9031631759113 0 0 0 0 0 0 0 0.061650824088748 0 0 0 0 0 0 0 0 0 0 0 18.4549305832013 0 0 6.43181752139461 2.89615111885895 29.4437917464342 0 0 6.25814209191759 0 0 3.19085469096672 0 0 0 0 0 0 42.4416604152139 0 0 0 0 0 0 0 1.11385305863708 0.0112207860538827 0 0 8.20819989540412 0 4.17878542947702 0 0.0584541267828843 0 0 0.827875023771791 0.855834637083994 15.9243494833597 13.1068450491284 4.91068912202853 0 
0 0 6.86546927733756 0 0 0 0 0 0 0 2.24825432012678 0 0 0 0 0 0 0 5.27352696988906 0 0 0 0 0 0.0606984088748019 0 0 0 0 0 0 0 11.4867029952456 0 0 10.5017253534073 0 0 0 3.75012645007924 0 0 1.68031209191759 0 0 0 5.50285994611728 0 0 0 0.366241251980983 0 0 0 13.4758349508716 0 0 0 0 1.97759375594295 0 0 0 0 0 0 17.0463487416799 3.59689661172742 0 0 0 0 4.9500038858954 4.5410325800317 0 0 0 0 4.40101261806656 0 0 0 0 0 0 0 0 2.84036129952456 0 3.99966314421553 63.4139729698891 0 0 0 0.480571825673534 33.7132028843106 0 58.4220413882726 10.2521983106181 13.0741131442155 
0 4.35969917908082 0 0 0 8.12230760063392 0 0 0 11.9460516671949 0 0 6.63094148969889 0 0 4.73071924247227 0 0 0 2.24899242155309 0 0 0 0 0 1.75989453248811 0 1.15748737242472 4.37262841838352 0 0 0 0 0 0 0.0493339651347073 0 0 2.20515114104596 3.44348309350238 0.00386242789223457 0 0 0 1.35166260855784 32.6018241616482 0 0 0 0 25.9960366941363 17.5555344754358 0 0 0 1.4578400792393 0 33.4651125990491 0 0 0 0 0 3.6308095340729 0 2.11653095087163 0 0 0.481947429477021 0 10.5224296450079 0 0 0 0 0 5.73436753090333 0 0.285801204437401 0 0 0 2.20347114421553 0 0 0 2.61161652931854 0 3.6528137844691 0 0.0666764500792393 0 8.80697171156894 0 0 0 10.2478566656101 0 5.35350040253566 1.17939342313788 
0 6.37301686212362 8.36485364183836 6.96414123613312 0 0 0 0 2.94772628209192 0 7.72541595879556 0 0 0 0 0 0 11.5627385451664 0 18.5370336576862 0 4.92964241204437 0 0 0 0 0 0 0 0 0 31.2172456925515 0 8.7050247385103 6.12527461172742 0 54.094870725832 0 0 0 0 0 39.1991748019018 0 0 0 90.5291319746434 0 0 0 0 0 0 0 0 0 0 0 0 0 0 0 0 0 65.2863061648178 0 0 0 0 0 0 18.9597043042789 0 2.1533381933439 0 0 13.7044364722662 0 0 0 68.4651630554675 13.3164729698891 0 0 0 0 6.54164196830428 0 0 13.9118491125198 2.59037160063392 1.43182756259905 17.5636999239303 0 0 11.0146983930269 10.8445033819334 0 0.331215540412045 0 
0 0 1.34821173375594 0 0 0 0 0 0 0 0 3.9229951473851 0 0 0 0 0 0 6.37432970206022 0.0208906244057052 0 0 0 0 0 0 0 0 0 0 0 0 0 0 3.12876282408875 9.4680011030111 0 0 0 0 0.812750621236133 0 0 3.95570826941363 0 0 0 13.7541643391442 0 0 0 0 0 0 0 0 26.6725977939778 15.1006101584786 0 0 0 33.5602499619651 0 0 0 2.26603080507132 0 0 0 0 0 8.33069250713154 0 0 4.46866508399366 0 0 0 0 0 0 0 0 0 0 0.82082351822504 0 0 0 0 0.631467965134707 3.54293697939778 1.1353464088748 0 0 0 1.02981092551506 0.333365109350238 1.64939208874802 11.4432784500792 
1.87279066561014 0 0 0 0 0 0 35.3224516228209 0 0 3.14241343264659 49.141491911252 0 0 0 0.417325838351823 3.48036484310618 0 0 0 0 0 0 0 0 0 0 0 0 8.12412043423138 0 0 0 2.66134077971474 23.9280104247227 0 0.448641724247227 19.4865825832013 0 0 0 0 0 76.7787729793978 0 0 0 0 0 0 4.17958404754358 0 0 0 0 0 0 0 0 0 0 0 0 4.17924773375594 0 0 0.0700239778129953 0 0 0 0 0 0 0 0 1.33052401267829 0 0 0 0 0 0 7.09647676386688 0 2.70982681458003 0 0 0 4.40559945166403 0 0 0 13.6455086275753 8.09419882725832 0 0.939065061806656 0 0 0.0537329286846276 41.6774089572108 
0 0 0 0 24.525556155309 0 0 0 0 0 22.6011511537242 0 0 0 0 0 0 0 0 0 0 0 0 11.4625936513471 3.76704138510301 0 0 0 0 0 0 0 0 0 0 0 17.8469763391442 0 0.944372684627576 0 0 0 0 0 0 0 0 0 0 0 0 0 0 9.28201967353407 0 0 0 0 0 0 0 0 0 0 0 0 6.71290086846276 52.9305248431062 0 0 0 0 0.123170171156894 0 0 1.32461594928685 0 0 0.108006599049128 0 0 0 4.41522617432647 2.01781541362916 0 0 0 0 0 2.20270077020602 7.0296455340729 1.55047741362916 12.1590707987322 10.9884316767036 3.03248758478605 11.8206101236133 39.1585191537242 1.17903195879556 14.4522402123613 0.470206380348653 
0 0 3.19878635816165 0 0 0 0 0 1.53801041838352 0 56.9850522123613 0.0257420507131537 0 0 0 0 0 0 9.2853305007924 0 0 0 0 0 0 0 0 0.0584541267828843 0 0 0 9.54192158161648 0 0 0 0 0 0 0 0 0 0 0 0 0 0 0 0 13.6999953502377 3.41333891600634 0 10.383087207607 0 0 8.84489031378764 71.9614689540412 8.74832648494453 0 0 0 0 0 31.3332721616482 0 0 0 2.91497854199683 0 0 34.3439004722662 0 4.19981910301109 1.37894896671949 0.969124288431062 0 0 1.44083565134707 0 5.26190800633914 0 0 14.5617053343899 0 0 23.7691320919176 14.0786237527734 0 0 35.3801423232964 0 0 0.886853562599049 0 0 20.9492950871632 0.710688117274168 47.6230814675119 0 0 0 
0 0 0 17.5199545103011 0 0 1.6871991822504 0 0 28.4155564944533 0 0 0 0 0 0 0 0.11167581933439 0 0 0 0 1.94346708716323 0 0 11.5035853026941 0 0 0 0 31.0506859239303 0 0 0 0 0.149158320126783 0 0 0 0 4.82802973692552 0 0 0 0 0 0 24.0042092266244 0 0 0 0 0 0 0 0 95.2645576006339 0.00446045958795566 0 6.58760545800317 0 0 0 0 0 0 0 0 0 3.81126039619651 0 0 0 0 0 17.2308327448494 0 0 0.488582095087163 0 0 0 35.1904200633915 0 1.45469559429477 11.394344748019 0 0 0 8.04113939144216 0 5.43266787004755 4.55376952773376 6.27560160697306 37.6057461236133 0 0.697509185419968 0 0.274454006339144 0 
0 0 0 0 0 0 0 0 0 8.94540983835183 0 0 0 0 0.417325838351823 0 0 0 0 0 4.06329369255151 7.20771099207607 0 0 0 0 14.5914032202853 0 0 0 95.3151148240888 0 0 3.7376429318542 0 0 0 0 0 4.18961006656101 0 0 0 0 0 0 0 2.79478817115689 0 0 0 0 0 0 1.58076923930269 0 23.3982977020602 0 0 0 0 0 0 2.383128 0 33.4481399619651 41.0588880507132 0 0 0 0 7.00345294453249 0 0.277482611727417 0.410276925515056 0 0 0 0 0 0 0 0 0 0 0 0 5.3955089318542 0 2.34276261172742 0.855963936608558 12.8356498827258 0 0 0 16.1389694833598 0 2.86025088431062 43.6549523011094 0 
0 0 14.9282225071315 0 0 7.26784190491284 0 0 0 0 0 8.71506625356577 0 0 0 0 0 0 0 0 12.4384952488114 0 0 0 0 3.14046171790808 0 0 0 0 0 0 0 0 12.1891318510301 0 0 0 0 0 88.2453046561014 0 0 0 5.31868724881141 0 11.8024871664025 8.00479236133122 0 0 0 0 33.8180779683043 0 0 0 0 0 0 0 0 0 0 0 0 0 0 0.864341537242472 0 0.0946270681458003 0 0.215619683042789 0 0 0 0 0 6.4281836481775 16.4169090427892 0 0 0 0 13.2881866497623 0 0 13.5332892139461 0.819497134706814 0 2.2639232614897 4.87745656735341 19.37743681458 0 151.488686282092 71.7167479651347 0 0 0 0 0 
0.977830637083994 0 0 0 0 0 0 0 0 0 0 0 0 33.923478614897 9.68995968621236 0 0 0 50.8344805388273 0 0 0 0 0 0 47.3079674484945 0 0 0 0 0 0 0 0 0 0 38.1507604120444 0 0.417325838351823 0 0 0 0 113.102495423138 0 0 0 0 0 0 0 0 13.0002586402536 0 0 0 0 1.64131827892235 0 0 1.00451984469097 1.19572212678289 0.0761916640253566 0 0 0 0 0.35606318858954 0 0 0 0.376688177496038 0 0 0 0 0 0 3.65050113470681 3.31659894453249 0 0 0 0 0 0 0.0800317591125198 0 0 18.9034545800317 17.8252669572108 5.62041579397781 0.0239252488114104 2.37866345800317 27.0907924437401 0 0 4.67105107131537 65.7497813122029 0 
0 0 0 0 0 0 0 0 0 0 31.9063948240888 0 0 0 43.4066836481775 0 0 0 0 0 0 0 0 0 0 45.4284484532488 0.0302025103011094 0 2.31500565768621 0 1.40530014896989 0 0 0 0 2.01789732805071 0 5.00926292234548 0 0 0 0 0 2.56241909667195 0 0 0 0 2.29054052614897 6.29597235499208 8.71375795245642 21.2929237305864 0 0 0 0 0.213029470681458 0 0 0 0 0 0 20.7123973280507 0.0584541267828843 0 0 0 0 0 0 0 0 3.12138685895404 0 0 0 0 0 0 6.92741909984152 0 0 0 0 0 0 0 0 0 0 0 7.58200507131537 1.0750428177496 0 13.6534803296355 0 28.1137694548336 0 0 
0 0 0 0 0 0 0 0 0 0 0 0 0 0 0 0 0 0 0 0 0 0.277482611727417 0 0 0 0 0 0 1.55013507765452 0 0 0 6.00783060855785 8.82395730903328 0 0 0 0 6.75285383518225 0 0 0 39.2779581743265 0 0 21.5354681901743 0 0 0 0 0 0 0 118.477739144216 2.52263154675119 0 0 0 3.59510553724247 0 0 12.2001735023772 0 16.4349201014263 0 6.94793805388273 0 0 0 3.70440342947702 0 0 0 0 0 0 5.08425127416799 4.14034323296355 0 2.78522811727417 4.42939558161648 1.56823716640254 0.981251575277338 8.00370565134707 0 0 0 0 4.47649266561014 4.07609729001585 0 8.94452017432647 0 10.5028726561014 0 7.02951853882726 23.7061969857369 1.01728030427892 0 0 
0 0 0 0 0 0 0 2.13701334389857 0 0 0 0.023689083993661 0 0 5.95587656418384 0 0 0 5.22262104278922 0 0 0 0 0 0 0 0 0 0 1.76113970522979 0 0 0 16.6010649667195 0 0 0 0 0 10.9961010713154 0 0 0 0.145769381933439 0 0 3.05806953724247 0 0 0 0 0 0 0 0 0 0 0 0 0 0.264791591125198 0 2.50884662440571 0 0 0 0 55.4700741394612 0 7.47555525832013 1.73450787004754 0 0 3.61791122345483 0.620128618066562 0 1.42485641521395 1.01208687797147 0 0.137061546751189 4.22965614896989 1.41276000633914 0 0.716903895404121 0 0 0 0 0 0 0 2.56645082408875 0 0 3.53340737242472 0 2.97274376228209 1.3075818637084 0.996533251980983 0 
0 0 0 0.407348843106181 0 76.514792437401 0 0 0 0 0 0 0 0 0 0 0 0 0 0 0 0 0 0 0 0 0 13.677027207607 0 0 45.374108903328 0 0 0 0 0 0 0 0 0 0 0 0 0 0 0 59.8391458034865 0 0 0 15.4303125007924 0 31.9017897210777 9.13669025356577 0 0 0 0.631823740095087 12.9792356893819 0 0 0 0 0 0 0 0.738763990491284 20.5588242694136 0 0 0 0 0 0 0 0 0.911955267828843 0 0 0 6.36459430110935 0 0 0 0 0 0 0 0 6.99485059904913 16.8421763264659 6.33272962282092 25.7914460507132 37.2620828019017 1.29581404120444 21.9596002503962 11.8973091695721 25.6769231030111 31.4550997908083 0 
0 6.82425126782884 0 0 0 0 0 0 0 0 0 0 0 0 0 0 0 0 0 0 15.5782688335975 0 0 0 0 0 0 5.31718308716323 23.2318285895404 0 0 1.5434800792393 0 0 0 48.9582724183835 0 0 0 0 0 0 0 0 0 0 0 0 0 0 5.15373834548336 0 0 0 0 5.21081558795563 0 0.504895635499207 0.729405419968304 0 0 0 0 0 0 0 23.0067470903328 0 11.1908010269414 0 0.233333695721078 0 0 0 0 0 76.4531260126783 0.00533511885895404 0 15.3526149445325 2.59472086529319 3.10927286529319 0 0 0 0 1.00309354358162 41.2072256228209 0 27.4099338288431 1.22628258320127 0 0 2.38845394928685 42.3855941141046 83.3986776640253 8.70421124564184 0.454029508716324 0 0.257208 
0 0 0 0 0 8.47620364183835 34.2494413312203 0 0 0.797942830427892 0 12.158207362916 0 0 0 0 0 28.9522532805071 0 0.783739996830428 0 0 0 0 0 0 0 0 0 0 0 0.079936735340729 0 0 0 3.94563234231379 0 0 0 4.61176527099842 0 0 2.50424974009509 0 0.0691300443740095 0 0 0 0 0 0 6.96768522028526 10.4809323898574 0 96.8990686624406 0 0 29.6246651537243 0 30.3965146022187 0 0 4.50639814580032 0 0 0 0 0 0 0 19.9232925134707 4.21732529001585 0 0 0 0 0 2.38655538193344 0 0 0 0 0 0 6.05696309984152 0 0 0.414384935023772 0 0 0 0 0 8.43698206656102 9.6011104659271 8.87937765768621 0 4.01607851664026 3.5856974548336 0 
12.6486188843106 0 0 0.183827591125198 0 54.2984837622821 17.5505361458003 0 0 52.8953121870048 0 0 0 0 21.9447710522979 0 0 0 9.40429498573693 0 0 0 18.6956862091918 0 0 0 0 0 0 0 0 0 0 0 0 0.174210678288431 6.53166283993661 2.99990873217116 0 0 0 0 0 0 0 0 0 0 0 0 0 3.40927120760697 0 17.5264772773376 0 0 0 0 0 0 0 0 7.47145513787639 6.59100977496038 39.7765603835182 5.29774896354992 0 0 0 0 0 0.265678107765452 0 0 1.13202747385103 0 0 0 0 1.37894896671949 0 0 0 0 0 0 3.24614251347068 0 0 0 0 4.81204464659271 14.1035097179081 0.347613657686212 2.60989072583201 19.6721795023772 43.4636947860539 0.51378216481775 0 0 
12.4425330015848 0 0 0 0 0 0 0 0 0.577321876386688 0 0.602755378763867 9.74510420919176 0 0 0 0 0 0 0 1.89532013946117 0 0 0 0 0 0 0 0 0 0 0 9.49024514421553 0 0 0 0.0463318858954041 63.2869651347068 5.70029148335975 0 0.789729350237718 0 0 0 0 0 0 0 0 0 0 0 0 0 0 28.0741132361331 0 0 34.9148355087163 0 0 1.77487616481775 0 0 0 0 0.115767546751189 0 16.1383058066561 0 0 0 0 0 0 0 0 0 0 0 12.4170321045959 52.6469993502377 0 2.78004841838352 0 0 0 0 16.26401081458 0 0 0 6.57001457369255 12.0859816925515 0 0.745128839936609 25.1650406465927 0 9.04966729635499 0 
2.76854050079239 0 0 0 0.106639286846276 0 0 0 0 0 0 0 0 0 0 35.298306770206 0 0 3.54573282091918 0 0 0 44.1010155847861 0 0 0 0 0.143882310618067 0 0 0 0 0 0 0 0 8.14633087797148 0 0 11.609314 0 4.430275977813 4.93241121394612 0 0 0 0 8.34464974326466 0 0 0 0 21.8176621584786 0 0 0 0 0 11.7559685515055 0 0 0 0 0 0 0 7.64909355309034 0 0 0 0 0 0 0 0 0 8.31414934706815 0 0 1.85429046275753 0 0 0 0 0 0 0 6.23825293819335 0 0 58.4438866782884 4.92968303328051 4.60268922345483 2.37832796196514 0 0.139195312202853 4.98775870364501 0 23.3953799873217 0 
9.09037958795563 0 21.9558761584786 0 0 4.75185496354992 0 0 2.58667146434231 0 0 0 1.86701976862124 0 0 0 0 0 6.54275429793978 5.66852307448495 0 0 0 0 0 0 0 24.2497595340729 0 0 0 8.47626116006339 0 0 0 0 0 0 34.1029886561014 7.34565009825674 0 0 0 0 0 0 0 0 0 30.8875639049128 0 0 0 0.68117159429477 0 9.18996767987322 0 0 4.06966806973059 0 0 0 15.0863694770206 0 0 0 0 13.9553681267829 0 14.3741347606973 1.80490366402536 0 0 1.27936407606973 4.37122788906498 0 8.5773802725832 0 0 0 0 3.2279037274168 0 0 0 0 0.241497071315373 0.260815825673534 8.99384986687797 0.00446045958795566 5.93555665293186 0 0.304643492868463 4.71957577179081 0 0 3.86758624405705 0 20.189073733756 0.266851274167987 
6.23196316957211 0 0 0 22.8131124659271 0 0 30.4951950301109 0 0.868684858954041 0 0 0 21.168313429477 0 0 0 0 0 0 0 0 0 0 0 0 0 2.74024989223455 0 0 0 0 0.210852763866879 0 2.34879134389858 1.33230361648178 0 0 0 0 0 0 0 0 5.36998653882726 0 0 8.71769471315372 0 29.1416947797147 0 0 2.71891411093503 0 0 0 0 0 0 1.21104401584786 0 0 0 1.78973902060222 0 0.00533511885895404 0 33.4088764342314 0 0 13.757459955626 0 0 0 0 0 0 7.32942500792393 113.745481904913 0 0 14.8626947892235 0 0 0 27.3032813343899 0 33.0477220697306 1.61005424088748 2.86944508082409 19.542472066561 0 2.29508330586371 26.831560459588 4.02747417432647 54.2449465198099 0 0 0 0 
20.8551936608558 0 0 0 17.8075341489699 0 0 0 0 0 0 0 38.0905356925515 0 0 0 0 0 0 0 0 0 0 0 0 0 0 0 2.56517263074485 0 0 0 0 0 0 0 0 0 2.99896969889065 30.728736155309 0 0 0 0 0 0 16.1795620190174 0 0 0 0 0 0 0 0 0 0 0 0 0 0 0 0 0 0 0 0.0584541267828843 0 0.79052612044374 0 77.0315570839936 0 0 0 0 0 2.01212040253566 0 0 0 0 11.8699684120444 1.55592231695721 3.13611333122029 0 0 0 0 5.81029777496038 0 0 0 0 4.45727930903328 26.8756454580032 0 1.09715729635499 3.33988284310618 0 40.5135627797147 
0 6.40019243423138 3.60867357210777 0 0 0 0.458745023771791 0 0 0 0 0 0 3.9490538066561 0 11.9483324564184 0 0 16.2086534167987 0 0 0 0 0 0.664819470681458 1.90222558478605 0 0 5.56696654199683 0 41.2844085768621 0 1.75015858637084 0 0 0 0 0 0 0 0 0 0 0 0 0 0 0.0584541267828843 0 0 0 0.549286611727417 5.98984180982567 8.40742217432647 0 0 0 42.3188984405705 0 0 3.38481788906498 0 0 0 0 0 0 0 0 0 0 3.9782045800317 0 11.3924612456418 0 0 0 0 0 0 0 0 0 0 0 0 0 0 1.27371141362916 0 0 0 0 0 0.52771965451664 5.31341550237718 22.767046459588 0 11.2924142313788 5.17841470998415 
0 0 0 0 0 11.0009949857369 0 0 0 0.129667828843106 0 112.267967210777 0 0 0 0 0 0 0 0 6.00891182567353 0 5.92775524564184 0 0 0 0 0 0 0 0 40.4054099302694 0 0.00446045958795566 19.975257955626 0 0 0 5.65121028843106 2.60929019968304 0 0 0 0 0 0 38.5918782852615 0 0 25.7441924627575 26.4777591251981 0 0 0 0 0 0 0 0 6.00432279239303 0 0 0 13.1374473565769 0 0 0 0 1.00348863708399 0 0 2.43095243423138 0 0.0170603803486529 0 0 0 4.35409554358162 0 0 0 5.95912367987322 6.27720340095087 0 0 0 0 0 0 0 0 32.2870396671949 18.9462714041204 0 0.102892234548336 15.5850447353407 0 0 0 3.4637955118859 
0 0 0 0 0 0 0 0 8.99280260855785 0 0 0 18.200457362916 0 1.75950245007924 0 0 0 0 0 0 0 15.2584186117274 0 0 1.52443445007924 0 0 0 0 0 0 0 0 0 0 0 0 0 1.21716606339144 0 2.63843137876387 26.3033156259905 4.4103095911252 0 0 63.7848373534073 0 0 0 0 0 0 0 0 0 11.7228458034865 0 26.9099206022187 0 0 0 0 0 0 0 0 0 3.06307191442155 0 0 0 8.55612841521395 3.75389874167987 0 0 0.438729438985737 7.53789742630745 0 0 0.335002481774961 0 0 0 0 0 0 2.01097176228209 0 0 0 20.6208985324881 0.00446045958795566 0.0584541267828843 0 0 4.22649441204438 0 29.7893503106181 0 
0 0 0 0 15.9220472709984 0 13.4710743232964 0 5.07318295087163 0 0 0 6.17806818383519 0 0 0 0 0 0 7.31179203803487 0 0 0 0 0 0 0 0 0 4.43913158795563 0 12.6044485007924 0 0 61.3880237939778 0 0 0 0 0 0 0 3.15169462757528 0 0 0 0 0 0 14.0230548969889 0 17.5996218288431 0 0 0 0 0 0 0 0 0 0 0 0 8.90938942313788 0 0 0 4.91286735340729 0.317653755942948 0 0 0 0.434997445324881 7.13810973692552 0 0 0 0 0 0 0 5.36892254833598 5.15586891283677 10.7609512456418 0 0 10.1348921299525 0 0 0 0.398729832012678 0.516561901743265 4.21560058320127 0 32.139783096672 63.7007060792393 7.7502930681458 24.5653476069731 0.424305419968305 
1.52727740729002 18.0961218732171 60.1763694896989 9.31336014580032 0 8.22281538827258 0 0 0 0 0 0 0 2.2500800570523 0 0 0 2.48186545800317 0 0 15.6301678510301 0 0 41.4331357020602 0 8.34530804437401 0 0 0 0 0 0 0 0 0.647519334389857 0 0 0 0 0 0 0 2.35693955625991 0 0 0 0 0 0 0 0 4.7244162725832 2.4062322725832 0 0 0 0.0584541267828843 0 0 0 0 0 0 3.25942962916006 0 0 0 0 0 3.29342355309033 0 31.8068067860539 2.84435216798732 2.15806170839937 0.152331061806656 0 0 3.94325361965135 0 0 2.44251089381933 0 0 0 11.5889581362916 0 0 0 0 10.2562230015848 0 0.284949793977813 1.17942374009509 0 15.0036956735341 69.9619872551506 3.60881963866878 3.20147330586371 0 0 
3.49829227575278 5.48237793026941 0 0 0.639046101426307 0 35.0957966022187 0 0 0 0 0 0 0 7.68205001584786 0 3.99307266244057 9.18033441204438 0 0 0 0 0 0 0 0 0.43219682725832 0 0.797942830427892 7.37575020919176 96.7185953058637 0 0.0584541267828843 10.0211290301109 0 0 1.25642834548336 0 5.67165195245642 11.8098726339144 25.5508808304279 0 3.26443157527734 0 6.06822245958796 2.82930002852615 0 0 0 0 0 1.92544549920761 0 3.86401017432647 0 0 0 0 0 0 0 6.99615135657686 0 0 0 0 17.4325412044374 0 0 0 0 0 0 2.39189050079239 4.04064769889065 0 0 0 0 0 0 5.49493410142631 4.00918840570523 0 0 0 3.81328353090333 0 0 0 32.4329191251981 9.16628143898574 1.49972545166403 0.278231727416799 2.48807129318542 0 0 28.3010903645008 0 2.21121585736926 
0.215619683042789 4.9840812836767 0 0 0 0 0 0 0 0 2.13865232012678 0 0 0 18.6672058415214 0 0 0 0 0 0 4.0980052044374 0 7.62087789223455 0 0.310360028526149 72.3880838541997 0 0.129667828843106 0 0 0 64.1244550586371 0 0 0 0 0 8.0570645229794 32.9622343708399 0 17.8528462408875 0 0 0 2.65162557210777 0 0 0 0 0 0 0 0 0 0 0 0 2.40303811727417 0 0 0 0.781194326465927 0 0 0 0 0 1.09615249762282 0 0 0 0 0 0 0 0 0 0 0 2.10055954992076 0 0 0 0 0 0 0.0800317591125198 0 2.01610727099842 0 22.863269229794 0 168.042519245642 4.40142628526149 31.9028088431062 0 0 66.403737385103 0 
0 31.9124872583201 0 0 0 0 0 0 0 0 0 0 0 0 0 0 0 0 0 0 0 0 5.36206012044374 0 0 0 0 0 0 0 0 0 62.5529500126783 0 0.764484443740096 0 0 0 0.834840814580032 0 0 0 14.7056095213946 0 0 0 0.4982764659271 0 0 0 0 0 18.8655191600634 2.86563516323296 0 0 0.247512386687797 0 0 0 0 0 0 0 0 0 0 0.312255175911252 0 0 0 0 0 6.52096232012678 0 0.438631730586371 0 0.115011524564184 0 0 0 0 0 0 0 0 0 16.9107841394612 0 0 0.925617904912838 4.78233910301109 0.0473157369255152 0 0 0.371428719492869 4.21462138193344 25.8375499144215 6.85850653565769 0.470206380348653 
3.50616255150555 0 0 0 0 0 0 4.15660899841522 0 0 0 0 0 0 0.0584541267828843 0 0 28.134358836767 0 0 0 0 0 0 0 0 0 0 0 3.61352189223455 0 0 0 8.91140683993661 16.0158184500792 0 0 0 0 0 0 0 0 0 0 0 0 0 0 0 3.39576528684628 0 0 0 0 4.5256949096672 9.70155740729002 0 0 0 0 0.226923721077655 0 14.2045288240888 0 0 1.27282192709984 0 0 0 0 0 0 0.802108621236133 0 0 0 3.15729015213946 0.723165610142631 0 1.49323371473851 10.2002052805071 0 0 0 0 0 5.48835322028526 0 0 0 0.245688 3.87860928050713 4.35723589540412 0 3.19384288114105 2.33719130903328 5.00373575277338 0.00679236133122027 7.21402618700476 
49.3704865736925 0 0 0.170952551505547 0 0 0 0 0 0 0 0 0 0 0 6.12887380982567 0.904257936608558 0 0 0 74.3805387321711 12.1096316893819 0 0.539202383518225 0 0.00933179397781303 0 0 0 2.74355045958796 0 0 2.03801020602219 0 0 0 0 0.789624152139461 0 1.48122400316957 4.98333253248812 0 0 0 0 0 0 0 0 0 3.24231225356577 0 0 0 0 0.373161270998415 0 18.7578960095087 2.4649817274168 0 20.3066793470681 0 0 0 0 0 0 0 0 0 8.28530913470681 0.233669001584786 0 0 0 1.08869967987322 2.89963111885896 0 0 0 0 0 0 0 0 0 0 4.09793935974644 0 0.251778450079239 0.852635191759113 0 0 8.10922012995246 0 0 0 0 0.353534237717908 0 
0 0 0 2.71071995562599 0 0 0 0 0 0.84797163866878 0 0 0 0 0 0 0 0 0 0 0 0 25.3310911505547 0.652635467511886 0 0 0 0 0 0 0 0 0 0 0 0 0 0 3.34492545166403 0 0 0 0 0 0 0 0 0 0 0 0 13.455583889065 0 0 0 0 0 0 0 22.3923929508716 0 0 0 7.97403927733756 0 0 0 2.77599776228209 0 1.45073259904913 0 0 6.06225283042789 0 0 0 0 0 0 0 0 0 0 0 0 27.0653094865293 16.4563454675119 0 7.81898410776545 0 0 0 43.1632316767037 3.7307447955626 0 0.587358513470681 0 33.3821859049128 2.78001099524564 31.8941450871632 
0 0 0 4.21953063708399 2.46598308399366 0 0 0 0 0 0 0 0 0 0 0 0 0.609418621236133 0 0 0 0 0 0 0.136278107765452 0.144436678288431 0 0 0 81.3941608272583 0 0 0 0 5.30493480190174 0 0 0 0 0 13.5953530079239 0 0 0.0463318858954041 1.44736582884311 0 0 7.20559837717908 30.4921267575277 30.4100978034865 0 0 0 0 51.5245598193344 11.0053732678288 0 0 0 18.8445829730586 3.17109289064976 24.1740172551506 0 0 0 0 0 5.18667922345484 0 3.76506068779715 0 0 3.37384644057052 0 0 0 0 0 0 0 32.7075914041205 4.1932992614897 0 0 0 10.5375985007924 0 0 2.88590829793978 0.318113527733756 0 0 2.18398814896989 0 4.0968121141046 0 18.5988475657686 10.3506901584786 1.0043763866878 0 
0 0 0 0 0 0 29.3595650427892 6.98430150237718 1.18452120126783 0 0 0 0 0 0 0 15.2772434358162 0 0 0 0 0 0 1.87745387638669 0 0 50.18200237084 0 0 0 0 0 2.43319349920761 0 0 0 10.0558000031696 0 3.27722016481775 9.7908784088748 0.32985276703645 0 0 121.963007286846 0.703430453248811 0 0 0 0 0 0 0 2.61683269730586 3.89589403486529 0 0 0 0 0 3.94965604437401 9.70024596830428 0 0 0 0 0 0 0 28.3467230174327 15.6004455023772 0 0 0 0 0 0 0 3.70993618700475 0 0 0 0 0 0 0 13.0119295055468 1.88710741045959 0.388312757527734 0 0 0 0 13.6081499841521 13.781024066561 51.0921987955626 22.9461974611727 1.53375432329636 0 0 0 
0 0 0 0.47263911251981 0 0 0 0 7.06106467828843 0 0 0 0 0 0 0 0 0 0 0 0 0 2.39440504912837 0 1.70790256418384 0 0 0 0 0 3.55605553090333 59.9113116608558 0 0 0 0 0 5.63576911568938 21.1481052709984 0 0 3.47327120126783 0 0 0 0 0 0 0 0 0 0 21.7153524690967 0.465536310618067 0 0 0.0584541267828843 0 0 0 0 0 5.13263598098257 0 0 0 8.86186667511886 0 14.2927787004754 0 0 0 17.1454957052298 42.0123709445325 0 0 0 0 1.84904423454834 7.19599736291601 0 0.00835913153724249 0 0 1.78247605071315 0 0 0 0 0 9.38291109350238 4.18142191759113 0 0 8.39872129635499 0 3.09172496988907 0 13.8962009572108 0 
0 0 5.43713189857369 0 0 0 3.54997280507132 1.61206938827258 0 0 0 0 0.0254412614896989 0 0 0 0 0 0 0 0 31.5253619619651 0.820230846275753 0 0 0 0 0 0 0 0 0 3.25978752139461 0 7.04143592393027 6.84384777812995 0 25.964345274168 0 0 11.9397163771791 0 0 0 0.0584541267828843 0 0 0 0 15.9518814389857 0 0 0 0 0 0 0 0 0 0 0 0 0 0 0 0 3.51953375277338 0 4.6875061362916 0.41626729318542 0 0 0 28.4652736006339 0.0882224247226624 0 0.0490995594294771 0.919449749603804 0 10.4866320316957 0.425987581616482 0 1.74235823137876 0 4.8796450110935 0 3.56266462123613 0 0 0 0.731319591125199 0 0 0 0 6.0905765800317 0.493820332805071 5.08036788906498 23.5718968240888 0.0152888431061808 
0 0 0 0 0 0 0 0 0 0 0 0 0 0 0 13.7564907226624 87.0061358383519 0.646078066561014 0 0 0 0 0 0 0 0 0 0 0 0 0 0 0 0 0 0 0 30.5822180412044 0 0 0 5.11691102377179 0 0 0 0 0 0 0 0 16.9364249667195 0 0 0 5.07208161965135 0 0.83602640570523 6.40618497622821 0 0 0 34.1074266180666 21.707874725832 0 0 29.064800770206 0 0 0 0 0 0 0 0 0 0 0 0 9.35151740412045 15.5133638605388 7.08757107131537 0 5.43548036450079 0 0 0 0 0 0 4.02114969889065 0.987046814580031 13.4571067385103 2.61783004754358 1.31217985103011 36.3494028526149 16.5286356545166 10.257384022187 0 48.4286817812995 0 
1.1308101933439 0 1.49118742630745 2.80990227892234 0 9.27181883359746 0 0 0 0 0 0 0 0 0 0 0 0 0 0 0 0 0 0 0 0 38.5010026529319 0 0 0 0 0 0 0 0 0 0 0 0 0 0 9.65749227892235 0 16.973553540412 5.48076528050713 0 0 0 13.9476711949287 0.685431290015848 0 0 0 0 0 0 0 0 0 0 0 0 0 0 0 0 0 0 0 0 23.3876988019017 0 0 0 0 12.2302023486529 0 0 0 0 0 50.7125049255151 0 6.51781943581616 0 0 4.90887614896989 0 0 28.0627882947702 12.2236450649762 3.53703339144216 8.6139291822504 0 25.8445085103011 0 72.4999372931854 0.277482611727417 10.947196177496 0 
0 0 0 0 0 0 0 0 45.0277710554675 0.0800317591125198 0 8.32384821553091 0 0 0 0 0 0 0 0 1.12320758478605 0 0 0 0 0 0 0 0 0 0 0 0 0 0 114.26464844374 0 0 0 85.2124835499208 0 0 0 10.8917884627575 0 0 0 0 0 0 0 0 0.0812557559429477 0 0 7.80456678288431 13.1229258351823 0 72.3234474041204 0 0 0 0 0.889782798732171 0 0 0 10.7791469920761 0 0.84209428526149 0 0 0 0 6.52608475118859 0 0 0 57.3446468621236 0 22.0177391600634 0 0 0 0 0 13.2598714643423 0 0 0.0537329286846276 0 12.2349893153724 0 13.2098138732171 37.3455240538827 0 7.37148475435816 0 0 0.224898088748019 
0 0 0 0 0 0 0 0 3.3602770681458 0 70.3361629318542 1.1147346022187 0 0 0 0 9.60272156893819 0 0 0 0 8.71459394928685 3.387832659271 2.29517185419968 0 0 4.08196133438986 0.27480151822504 0 0 0 0 0 0 32.2199733280507 0 0 0 0 0 0 0 0 0 0 0 0 0 0 0 0 0 0 0 0 0 0 0 0 0 0 0 0 0 4.63416851664025 0 45.4963975023772 0 0 0 0 0 10.4127572393027 0.618671125198098 0 0 1.95257446909667 0 0 0 4.24187376862124 0 0 5.89972596196514 14.856618748019 0 0 0 1.45522572107765 6.04527867511886 0 0 0 10.829597207607 1.72333579714739 23.7406956386688 0 7.85814670047544 0 78.8010012551505 
4.44869228843106 26.45391 92.4023802757528 0 0 0 0 0 15.2943870935024 11.6723671949287 0 4.14606630427892 0 0 0 16.0920462313788 0 33.1592087828843 0 0 0 0 0 0 0 0 0 0 0 0 1.80409396830428 0 0 0 0 0 9.51296455150555 0 0 0 0 0 24.5983428938193 0 6.71297492551506 4.59963349286846 0 0 0 0 0.173221686212361 0 0 0 1.16561326465927 0 0 0 0 0 0 0 0 0 0 0 0 0 0 0 4.99069524247227 0 0 0 0.907186380348653 0 0 0 0 40.0875188621236 0 0 0 0 3.08173806022187 17.7010090459588 0 0 0 0 25.7990287733756 0 2.64577941362916 0.141789106180666 5.74741799366086 0 7.85946200950872 0.878272551505547 0 0 
0 0 0 0 0.079936735340729 0 0 0 0 0 0 13.7635921204437 0 0 0 0 0 16.6906722662441 0 0 0 0 0 0 14.7491229318542 0 0 0 0 0 0 17.6784695372425 0 0 0 0.868526833597465 14.5098232614897 58.0202023613312 68.029927844691 0 0 0 0 122.624116801902 4.57628769889065 0 0 0 0 6.56852994928685 0 13.972839163233 0 0 0 0 1.15685090649762 0 0 0 21.1296817369255 6.67243716006339 0 0 0.00533511885895404 0 0 0 1.14495559429477 0 0 10.0623414009509 0 0 0 0 0 0 0 0 0 0 5.10950660538827 0 0 0.638212304278923 0 0 18.271131800317 0 2.1296316703645 1.88357824722662 12.624024858954 27.8367033914422 0 13.5332138351823 11.9574047575277 0 58.2340676640254 0 
0 0 0 11.7054046909667 0 0 0 0 0 3.89924033914422 0 0 0 0 0 1.2384084659271 0 0 0 0 0 0 0 0 0 0 0 0 0.230081629160063 61.7887226751188 0 0 0 0 3.91990021236133 0 0 0 0 0 0 110.419162107765 0 0 0 0 0 0 0 0 0 0 20.748949518225 4.98376193026941 0 0 0 0 0 0 0 0 0 13.9644938129952 0 0 0 0 0 0 0 4.43983954675119 0 0 0 0 3.00241470681458 2.58747306180666 0 0 0 0 0 11.8568323581617 0 8.21448829160063 3.73319691600634 0 0 16.6228479492868 17.2715510998415 1.43287667194929 3.54703368621236 5.13974317908082 35.8706864754358 4.22705645007924 28.9538845863708 0 110.048600275753 0 
0 0 0 0 36.5465171600634 0 0 1.27487987955626 12.6062851315372 0 0 4.91673020919176 0 0 0 0.0477353565768621 0 0 0 0 0 0 0 0 0 0 3.66602213312203 0 0 9.91761603169572 0 0 0 0 0 0 0 5.59426728367671 0 0 0 0 0 0 0 0 0 84.6573189223455 1.0918592044374 0 0 0 0 0 0 0 0 0 2.13982258954041 0 0 0 0 0 0 0 0 0 0 0 0 0 0 0.795572079239303 2.78641863708399 0 0 0 0 0 2.00774139144216 22.6835101616482 0 0 0 0 0 0 0 0 3.97733407290016 2.74436520760697 0 4.64022496354992 0.0903309096671949 1.68409375911252 15.1882971030111 14.0254595277338 0 10.2430265451664 
53.7687870110935 0 0 0 0 0 37.9587605103011 0 0 7.67510210776545 0 2.55122310301109 0 0.250082282091918 0 2.02391012361331 23.3226501648178 0 0 0 0 7.54987085895404 0 0 0 0 0 0 0 0.397518034865293 0 0 0 0 2.51557300158479 0 0 0 0 0 0 0 0 0 0.129667828843106 0 0 0 0 1.13105955625991 0 0 0 0 0 0 0 0 12.6429307892235 0 0 0 70.151488681458 0 0 0 0 0 2.10864676703645 11.4946180316957 6.62377319809826 0 0 0 0.716353797147385 0 0 0 0.209149540412044 0 0 0 0 0 0 3.08285112202853 0 0 2.74311914104596 4.41156601584786 0.347122535657686 7.93145260855784 0 5.23738952139461 3.44682845958796 2.05187599683043 3.01280879873217 0 9.25484354358162 0 
