992.455952222907 
988.605630739272 
989.989495210604 
945.060249420051 
960.537681007321 
960.514506243447 
983.44427975648 
984.344784867012 
996.59430291469 
975.134471567379 
942.196510741338 
962.04404065913 
1006.23169400571 
1022.57652389798 
982.649716423657 
1022.07992181497 
1002.83162507735 
1021.85148485678 
964.772041435153 
1021.89452370398 
972.982529207652 
938.664014590831 
979.855502036565 
1004.46379059019 
964.745555990726 
960.2761372436 
978.759666773381 
1004.57304304845 
1023.43067948077 
960.994554923694 
