11.6329610071829 
13.5110831204865 
13.7497179054823 
13.008893624159 
13.2107016308862 
13.1118648838687 
13.9785402674032 
12.9467133632495 
11.5971548784062 
13.086108316062 
13.5293222419352 
12.6047239313134 
13.7516859812186 
12.4888747742747 
13.7428375764782 
13.8505217481813 
14.3060940986827 
11.7600900237011 
12.9457514543478 
13.1539348472629 
13.5417924317089 
12.7914452923174 
12.5620344937041 
12.8060482167843 
13.891026046123 
12.9072912240831 
11.8629732015595 
12.3328532416134 
13.0185757180494 
14.3939392226115 
