15.1314981811793 
14.0099685829877 
13.2400819570591 
14.0021802736609 
14.503386530515 
12.9857369225776 
15.5111659977915 
13.8608642379177 
13.7574959717654 
13.3727382074361 
13.4390097974816 
14.2258891423707 
13.471259800205 
14.3985613519958 
12.8923089460631 
13.2823481855319 
13.1129117013245 
14.0895639648564 
14.9330644236903 
15.1265790555137 
13.4781644451186 
14.0109347478261 
14.3030131870743 
14.5433517038941 
13.4963846655047 
13.0702549696338 
14.6322701586083 
13.1800851973907 
15.113537028392 
15.3140784900483 
