546.384786495866 
566.695811691139 
560.124110792587 
561.024615903119 
564.812034456239 
536.310385571789 
565.401335594749 
553.231273880353 
547.781893689413 
541.2002607492 
522.117498039249 
540.13753229155 
532.407093199299 
573.658172894995 
528.450829937955 
549.135962035764 
533.598938198533 
588.526439260434 
541.551192887864 
581.600495542665 
548.659224036071 
543.759416816999 
583.325360111 
522.441944733485 
552.857166977816 
577.697203170175 
563.060684443476 
570.681871077464 
547.133000300941 
562.120451166303 
