1802.1457844939 
1341.45796412348 
1478.96708091005 
1153.35171643889 
1515.31504270612 
1338.14066220895 
1146.61117083211 
1302.23964228759 
1336.72369093208 
1438.85156464418 
1215.02307378812 
1289.27501724037 
1348.71166521604 
1489.69699658371 
1523.8400451312 
1366.88068009324 
1327.20548434098 
1376.23997401778 
1350.1286364929 
1311.9134508647 
1580.8003040529 
1268.64285603141 
1178.30100508951 
1143.61500493126 
1335.91257419649 
1325.86796939739 
1374.10789574137 
1153.58677475818 
1322.42817230238 
1407.31402169224 
