10.300177273145 
9.68087036215462 
10.6509893838557 
10.1312670624828 
10.013079964866 
9.48220352024161 
10.7375381514569 
10.2203862119438 
8.80454899447765 
9.86187589144227 
9.92260364151109 
10.505499384929 
9.45070495319886 
9.63838022248917 
10.2757277473294 
10.4655832812921 
9.15877306497134 
10.3909787424804 
11.0500796550694 
11.2876829336467 
10.054356155406 
10.633233905644 
9.61153857644639 
10.0304900440121 
10.1768824941247 
10.493774457373 
10.4341181361681 
10.1325790614815 
9.95868171260236 
11.0987923192272 
9.51304187860008 
10.0347005350215 
10.0147810621134 
10.0823937054374 
11.0988694560972 
10.1196724948422 
10.9822865591971 
9.78356835362852 
9.64895867488228 
11.5206482335325 
9.88461768339874 
10.1833756285586 
9.62397683792776 
10.0413987216338 
9.66877417358449 
11.0151116604819 
10.8818834246897 
10.3169953090623 
9.40509494734989 
9.04112404088661 
10.1396415301728 
10.9709813950161 
10.9405113579194 
9.04561279652165 
10.0995759959081 
10.299799735175 
9.65297436153029 
9.49268055210614 
9.52983283564335 
10.6537420534816 
9.83429904151008 
9.13893663225859 
9.68722943199431 
9.86958484173901 
10.0669063648934 
10.3845426832495 
10.5140247070347 
9.7898213318442 
10.3065085205506 
10.5772602049673 
10.5246551450129 
10.8811062632031 
9.61160252796198 
10.314490955055 
10.8178425998839 
8.93052724180712 
9.55100716215366 
9.57312999549503 
10.6429346476744 
10.1917448543859 
10.0428099161985 
10.6586028870345 
9.68631271727054 
9.71472300894741 
8.85122913209621 
10.3180143178552 
10.480395534028 
10.445788300137 
10.9010641877191 
9.75257766784791 
10.3674982102602 
9.95942521112415 
9.72858987922084 
9.59930359854713 
10.2278018871267 
11.4171161132892 
10.1347844218815 
11.0012355654202 
10.6361335921617 
10.0182781276041 
