806.127539995504 
774.020559988373 
784.93587377302 
793.871400586719 
755.884651916702 
738.917414080391 
767.76668442295 
794.576575544599 
810.755871409194 
780.870358053413 
776.861123903213 
765.942499438012 
742.145327619982 
812.066900908351 
788.084330979329 
796.771556751521 
806.296384703729 
792.331934129375 
821.674495874395 
825.783050441198 
797.314508362282 
807.991453147083 
756.904341527157 
783.455999565639 
813.477250824111 
817.863902557401 
786.061505161185 
743.466289160799 
779.801008234656 
816.923669280228 
