11.955468461301 
11.9125069435253 
11.4888794887777 
12.6579998145331 
12.5244457765762 
11.4399457617017 
11.7734544016209 
12.2654953494875 
11.5806099449253 
12.3667004580886 
12.7893561961984 
12.9972601861506 
12.7926220238205 
12.7441076706509 
11.5974849857689 
12.3560465789246 
12.1715521928305 
12.2735229637659 
11.6558509948378 
12.3254264529006 
11.3581497021546 
12.2618280072216 
11.8879309179998 
12.350384198913 
12.5128848896326 
13.5384230927211 
11.6326387916568 
12.3742531994391 
12.6980602575328 
11.6765109827213 
13.0177581542055 
12.1507434048659 
12.9236388070869 
11.8765062863286 
12.74073599612 
11.3289363147798 
12.4177624336423 
12.4425096553976 
11.8818610966501 
11.0890001371584 
12.0996003457324 
12.3658205636017 
12.2903429057601 
11.646811532586 
12.9132665484885 
13.3106313020526 
11.544373912624 
11.6529314035607 
11.3216585388023 
12.1168534321084 
13.2726395221677 
11.8976395105433 
12.2815348039564 
12.0210182185356 
13.0467977525691 
12.5074725673698 
12.3880599183811 
12.3099990181399 
11.5164101576278 
12.313471194956 
12.8963077095874 
12.3385161727421 
11.6639385568646 
12.8743705750755 
13.1983008933625 
13.1467809162354 
12.3006716097747 
13.2950655670673 
10.67990291299 
12.3381679249575 
12.5286712843666 
13.238057138771 
11.898634310113 
11.3431932615034 
12.9451881274643 
12.5397097318684 
11.952517105726 
11.7292833325518 
12.1070556196177 
11.6482401302431 
12.5423673804269 
13.0401250578113 
12.7722251729892 
12.0158358816198 
12.2178514359357 
12.9474343073337 
12.7238953806119 
11.8663672368085 
11.6258757392947 
11.9607073558113 
11.9162296631761 
12.0409722204948 
12.4108876858797 
12.1920362134819 
11.7791483107504 
13.1203626889734 
11.5091716574833 
12.1369048389565 
12.573062173738 
12.4173877705947 
