398.837686271303 
412.540593081936 
418.820954091786 
405.660998891915 
398.162307438404 
379.195418547823 
402.833677699289 
442.293679215581 
411.987709429513 
403.201163240719 
400.718152825649 
408.66047547332 
399.526307826416 
431.239316847689 
414.334981941893 
400.751259631184 
438.661862648472 
402.625104824423 
413.987360483783 
422.224333700709 
411.017680027359 
421.757527742675 
405.862950405674 
429.458170709946 
406.829669127275 
407.034931321587 
425.25029572654 
402.270862005206 
402.932998115892 
413.235835998155 
