12.2750563480332 
12.2667100351791 
11.7914464893754 
13.1093423565034 
12.8040646647237 
11.7420116959828 
12.1420310171656 
12.568803375781 
11.9634987769216 
12.750870974508 
13.2291963467976 
13.3963094999658 
13.2543012133646 
13.1477097939269 
11.8803067096325 
12.5863606421415 
12.4755463175434 
12.692314980349 
11.9496845568827 
12.6565439794739 
11.6907088325363 
12.5293695681597 
12.2985509340563 
12.6944993385477 
12.8740239432627 
13.9136060197314 
12.0474663064064 
12.7161508624678 
12.8908993631788 
12.1126083744418 
13.3548112584659 
12.5562884202301 
13.2252455673254 
12.1910198106023 
13.1540678546965 
11.6050304110532 
12.7183569109245 
12.7189306203481 
12.1349831208284 
11.4366377392511 
12.4309629775394 
12.7617811953747 
12.6003823868898 
12.0104742041967 
13.2666377005788 
13.6644681737248 
11.9208768855989 
12.0428551607621 
11.6827860027368 
12.6533643975098 
13.6422385714369 
12.2014434113615 
12.7308227075566 
12.3838602077917 
13.3525429524804 
12.8578440783898 
12.7563085629629 
12.6845328483185 
11.8563384646504 
12.6568089554917 
13.2965717842482 
12.5948174711984 
12.0773768809913 
13.2384134196273 
13.6211383481347 
13.4589693711865 
12.660392707849 
13.5405255627944 
11.0224600515669 
12.7031745012175 
12.9372819997163 
13.5735367540497 
12.2744780853794 
11.6320519541101 
13.4279320617888 
12.8554506882207 
12.314512451919 
12.0372409237 
12.490930740304 
11.9283687156801 
12.9341184525714 
13.3492646266968 
13.1902405535654 
12.3798618293251 
12.474175777096 
13.2121233914824 
13.209507834796 
12.2243154941881 
11.9383253088636 
12.277851018802 
12.2390987095498 
12.4234087697609 
12.7768756476397 
12.4764887865748 
12.1448576798743 
13.5631814161025 
11.8970337828067 
12.4815769415143 
12.8598989178487 
12.8431004187291 
