10.3001772210992 
9.68087029838172 
10.6509892880116 
10.1312670148675 
10.013079964866 
9.4822035202416 
10.7375380499858 
10.2203862119438 
8.80454899447765 
9.86187580864343 
9.92260364151109 
10.505499384929 
9.45070495319886 
9.63838022248917 
10.2757275971445 
10.4655832812921 
9.15877306497133 
10.3909787424804 
11.0500796550693 
11.2876829336467 
10.0543560510647 
10.6332338147172 
9.61153857644639 
10.030489949158 
10.1768824522148 
10.4937744543733 
10.4341181154231 
10.1325790464244 
9.95868171260236 
11.0987923192272 
9.51304184599227 
10.0347004340123 
10.0147809862236 
10.0823937054374 
11.0988694560972 
10.1196724782694 
10.982286530754 
9.78356827234429 
9.64895867488227 
11.5206481490405 
9.88461756845155 
10.1833755900361 
9.62397683792776 
10.0413987216338 
9.66877394360957 
11.0151116604819 
10.8818834246897 
10.3169952339735 
9.40509492795129 
9.04112403363435 
10.1396415301728 
10.9709813323107 
10.9405113579194 
9.04561271361713 
10.0995759959081 
10.2997994997374 
9.65297433547153 
9.49268055210614 
9.52983273938185 
10.6537419691831 
9.83429904151007 
9.13893647765169 
9.68722938772911 
9.86958483274803 
10.0669062693141 
10.3845426832495 
10.5140246076791 
9.7898213318442 
10.3065085205506 
10.5772601957839 
10.5246551450129 
10.8811061940016 
9.6116025101332 
10.3144908613569 
10.8178425112816 
8.93052714740044 
9.55100716215367 
9.573129937268 
10.6429345091426 
10.1917448543859 
10.0428098852824 
10.6586028414644 
9.68631271727054 
9.71472300894741 
8.8512291320962 
10.3180142557776 
10.4803954574759 
10.4457882088058 
10.9010641206454 
9.7525776307031 
10.3674982102602 
9.95942521112414 
9.72858984176283 
9.59930359854713 
10.2278017690733 
11.4171161132892 
10.1347844218814 
11.0012355654202 
10.6361334870286 
10.0182781276041 
