1176.63573277114 
1121.39040637611 
1152.91470660583 
1085.14507567719 
1159.15533944904 
1124.72095101285 
1186.49162877869 
1172.00077999634 
1117.66920143405 
1144.92272374986 
1093.81574804662 
1082.83090997035 
1163.09173862707 
1181.5785788374 
1220.53535690957 
1115.64968629646 
1181.15150104601 
1207.32905218195 
1156.01019292329 
1140.52282929436 
1258.90283384323 
1130.16702052324 
1109.26007282835 
1072.06788749116 
1237.27084710714 
1195.27486428693 
1129.81277770402 
1093.03442743601 
1161.17816526719 
1258.59825123232 
