9.75186460817108 
10.0570947321467 
9.35568883391762 
10.6558115735618 
10.5379154275631 
9.29801633238695 
9.63036237605967 
10.2138437170356 
9.22341788495235 
10.2579552633584 
10.8534573206944 
10.9637314535559 
10.565137633396 
10.6133884958994 
9.48079910132876 
10.0685066007055 
9.97863860504493 
10.2397464172105 
9.47290646940518 
10.113945577872 
9.28308981688695 
10.0603432263053 
10.0097514617206 
10.1361018968187 
10.4467411228259 
11.4654489247998 
9.50740943263741 
10.2906244091887 
10.2325258415031 
9.58981518344882 
10.7353042806954 
9.93020899161388 
10.7041165397536 
9.63973275558673 
10.6878120877338 
9.23431943545879 
10.2321383333567 
10.2624146847999 
9.82472952379986 
9.21238418381658 
9.89082972263682 
10.4090873243077 
10.1198358325008 
9.6066736761564 
10.5463771154042 
10.7988219297681 
9.71818554391594 
9.6917401345731 
9.52420208781921 
10.0331103214689 
10.9274159365323 
9.88459288627949 
10.2743845288325 
9.90499974988531 
10.6982171354784 
10.4165938473995 
10.1947821256637 
10.0444356096662 
9.66158284760045 
9.95054686236364 
10.7972728109778 
9.97044407638514 
9.52177155171735 
10.7326126356872 
10.7336674474167 
10.8176169762857 
10.1171354026126 
10.7704968315632 
8.70302700456773 
10.3853492230387 
10.1167941628405 
10.9299990026024 
9.5765653737913 
9.41788601145343 
10.7323744320282 
10.3100145997362 
9.81530912800376 
9.58407023673677 
9.85283297913415 
9.83329691488234 
10.1322629868026 
10.8508338832386 
10.5562320035951 
9.7822024324897 
10.2369432404557 
10.6561133531936 
10.3592899572885 
9.98754530807787 
9.3752584085027 
9.58005885099368 
9.86588394026497 
10.1222855636521 
10.3117727238693 
9.96146721204756 
9.7581913558075 
10.8495753032409 
9.32667055499931 
10.0098341594035 
10.2229152442849 
10.5343068946013 
