1052.70371693416 
1029.56537054627 
1027.23796211721 
969.936703098499 
1024.27821370244 
957.375981078799 
978.157122912657 
1049.2606091586 
993.541855444431 
979.494637856242 
964.987235671126 
986.735096226586 
994.617826624294 
1018.08724106754 
984.520250936343 
970.228042987201 
1045.85391886912 
995.462050165418 
977.008316760618 
1049.76714328327 
1004.24197499311 
1015.99820163832 
999.547429968347 
1015.43207526369 
1005.24511120079 
997.402108969726 
1010.5124039613 
987.400543017824 
984.311678061477 
1009.96283098943 
