579.792863960494 
555.095187031932 
563.795655526337 
582.434787042129 
544.964504538446 
535.191375544731 
571.201647924352 
579.524698835667 
538.919201847889 
559.610955306806 
531.602597824817 
544.669853969191 
551.936797783963 
549.126029994104 
543.153562275722 
548.722126966586 
538.190852126136 
562.458140582753 
547.391233384108 
521.687109567304 
562.746169790901 
529.10303400698 
530.77492768646 
554.853507351532 
543.732931372572 
553.019390324933 
553.823885699416 
549.831204951984 
528.424344493527 
551.559380200872 
523.858916010352 
559.107731862685 
598.667053795579 
566.017122177686 
575.813425935276 
563.020956276835 
572.115395757098 
555.51895414277 
557.118012850076 
542.918503956429 
561.30602375016 
524.670032745941 
553.545788532928 
544.798970510775 
549.271699938455 
529.506937034498 
554.691284004414 
561.051101347546 
554.827021907104 
545.341922121537 
540.889056777178 
608.364037136566 
541.140668499239 
553.314040894188 
565.186141358776 
543.269436095092 
573.678036978315 
532.082646505064 
520.932274401123 
543.262814733985 
539.246959222679 
577.842873114526 
530.046577964706 
547.080029412086 
555.949342614716 
564.858383983987 
550.178826410093 
565.676122080683 
534.903346336583 
551.056156756751 
556.121498003494 
568.40743353726 
540.329551763649 
576.637785393079 
555.201128809642 
567.046743829802 
531.0066753252 
559.084557098811 
556.058595072979 
567.867792607052 
528.298538632497 
544.573844233142 
557.952304349539 
544.325543191635 
545.663058135219 
547.245563439757 
564.183005151088 
572.122017118205 
580.034543640894 
540.087872083249 
551.618972450834 
545.418067774266 
526.484285689219 
550.748263465283 
580.289466043508 
543.011203011925 
537.323453821138 
565.970772649938 
541.713416234982 
534.168375253722 
