13.3587404679825 
12.3466437235372 
11.8504983258123 
12.4030314307132 
12.8698076637312 
11.4868070526253 
13.9012326224449 
12.2677542046252 
12.0109292481326 
11.7193988042307 
11.899748862498 
12.7221508082157 
11.8963392195965 
12.6886086716883 
11.3868632928644 
11.7082044158986 
11.7336062994463 
12.6077420651285 
13.1426575659167 
13.3283264563831 
11.8789281397932 
12.2685474228885 
12.7172917342312 
12.9787271143547 
11.9145314705063 
11.3418013968217 
13.1436280035279 
11.5944173215197 
13.3760151822908 
13.4825958888315 
