9.62253029733962 
8.84937221106722 
8.67352252150705 
8.87740995633489 
9.32248323432116 
8.41319633688121 
10.0377432560987 
8.72456915536778 
8.63979971559165 
8.42907214788408 
8.5966223395491 
9.14765921495336 
8.50891478105119 
9.08077482095457 
8.15348463763397 
8.53825579050623 
8.45030156723148 
9.06714237187795 
9.42793389446849 
9.60034323444421 
8.40071053174493 
8.73128442624992 
9.17465328636334 
9.33412981921656 
8.7884603331281 
8.07106955337108 
9.68973163603098 
8.3364734575463 
9.5985794090481 
9.6204446703037 
9.29835298342953 
8.99055745514979 
9.2773304457771 
8.59602821870996 
8.96583940258236 
9.24973936952089 
8.56548668841461 
8.91338327655985 
8.45791877258708 
10.0763525027978 
8.70354062812605 
8.33381620480188 
8.61338369515893 
8.95000345096234 
8.51577610036329 
8.41370443546189 
9.63028780516706 
8.65610154544329 
9.11482781822953 
8.30564450182739 
8.50408477999459 
9.07879920797241 
10.0149795053261 
8.61956820501947 
8.41441167914546 
9.39299676344103 
9.05303268798956 
8.60144049050618 
8.51105039725162 
9.00278596343072 
9.43699105548162 
8.40980480273318 
8.69568431710423 
8.62534956329129 
8.67992761777963 
8.74687531726255 
9.317509302651 
8.95908341912739 
8.76099941257557 
9.35470744363904 
7.99139315489509 
9.05736368888735 
8.67714063724044 
9.34459397320122 
8.82594238262903 
8.67826634063491 
8.8684314579468 
8.83993264713632 
9.03149091288019 
8.05205761057716 
8.90698942761552 
9.13674005860906 
8.52925081901532 
8.41611634560399 
8.72345825808465 
8.71210212928193 
9.30372684617396 
9.0785878604281 
9.56084652154749 
8.31587841498764 
9.35860766962821 
8.75149744331281 
8.47039177317351 
9.32549199462045 
9.65291159498846 
9.80304576177512 
8.61668778906405 
8.97164728314754 
9.09845408025674 
8.74997466354688 
