1703.83181477934 
1576.47986593068 
1489.55794800046 
1455.92805493876 
1528.71998826695 
1461.768095435 
1527.01167710138 
1513.76895488767 
1496.71563935697 
1506.39937997575 
1412.91569318864 
1568.20647522767 
1519.830810981 
1512.88831386046 
1473.97126395493 
1529.42847390538 
1489.91219081968 
1410.459168218 
1564.47864892451 
1466.40966957091 
1433.91202925847 
1530.21310519654 
1640.79976772265 
1571.45094217003 
1520.74124813319 
1532.78550398656 
1572.91426297464 
1437.94443817254 
1513.27566348521 
1455.91150153599 
1650.75829482736 
1586.33245125768 
1481.83413026932 
1492.1071720266 
1533.30528083344 
1474.84197294048 
1495.69263906596 
1654.7145580887 
1465.34031975215 
1505.13470000434 
1515.65935348368 
1557.40703526239 
1471.50149626208 
1479.55969272912 
1547.45844019934 
1467.26051447314 
1500.5096792712 
1562.60811441182 
1413.76653809087 
1564.31311489684 
1595.17196833533 
1562.90276498108 
1527.1739004485 
1512.83534297161 
1518.2383736348 
1502.69472843646 
1504.06535018558 
1597.33053205616 
1407.83710921968 
1484.86671365626 
1568.88516474112 
1479.96028507608 
1591.712307157 
1473.68985610789 
1601.66752358115 
1585.22668395283 
1411.97877059202 
1479.34118781259 
1636.68128111419 
1528.09426964235 
1424.84738590319 
1481.30442138077 
1402.65589415357 
1589.96757850534 
1496.74543548195 
1504.82018535176 
1438.1894285335 
1563.28680392528 
1478.79161484072 
1551.31538304408 
1576.50304069455 
1484.43301450376 
1501.99948552024 
1491.91846323506 
1491.84231758233 
1513.90800347092 
1482.77105286594 
1484.71111167025 
1485.52884976694 
1605.6800684119 
1558.70151135878 
1460.30808531094 
1631.76492049235 
1500.20178597973 
1565.98831925687 
1606.1071462033 
1476.84493467531 
1477.82158543857 
1628.69591961932 
1511.05419683386 
