9.24595682294409 
8.50146232663118 
8.30964832339365 
8.5301623431244 
8.97130180994077 
8.07795208506754 
9.58704162494289 
8.37344049141435 
8.33221946725373 
8.12785891353372 
8.23607644781737 
8.75260698581763 
8.13217691765001 
8.74080136530182 
7.824547267086 
8.19840348204184 
8.05106663420647 
8.67178696271937 
9.05502737248712 
9.22946619352266 
8.04386473850397 
8.40182939740031 
8.80198111070195 
8.96808121427022 
8.43047999759149 
7.76395900074385 
9.26898964634586 
8.01799840462611 
9.2215757309819 
9.23454938108043 
