833.066547658736 
764.538770883359 
753.285767682262 
780.496251150875 
755.765467416779 
742.261201439351 
787.991631923833 
791.835332046361 
775.927511987147 
821.121612221973 
809.967929437479 
757.645933971125 
771.958006003588 
807.676938494508 
781.664921386235 
802.383160289579 
811.206123964461 
808.176851258075 
867.775722580861 
786.34622368878 
778.893881763017 
830.739139229677 
766.515247173755 
755.070224500559 
770.084160810349 
798.039547403483 
751.964806141445 
760.234886163905 
776.063249889837 
803.856413135853 
815.013406600901 
843.170744707794 
780.009581109522 
806.415569203652 
767.402509562073 
742.963065716678 
757.275137749141 
770.633733782218 
786.995117077252 
822.760399095919 
782.764067329973 
817.933426849023 
798.221634833921 
820.701155791688 
807.590860800119 
773.245860738871 
792.778876004088 
766.002091687974 
788.160476632058 
740.009938663021 
825.991623316064 
784.565077551037 
809.948065354158 
774.166229932724 
752.706398585412 
897.542051436719 
787.299699688167 
824.491885025362 
805.85275350957 
783.906252120905 
851.16603824432 
792.000866074033 
793.682691795173 
829.063934869644 
779.122318721203 
816.900494516354 
791.318865880027 
820.793854847184 
802.220936942461 
784.435961009453 
773.497472460931 
829.749245744203 
763.26415887029 
799.734615846837 
782.813727538274 
855.503029769308 
861.296720737805 
793.056973170576 
807.938482258228 
780.65516381744 
745.174600326367 
768.610907964074 
816.612465308206 
809.325657410114 
785.617873967026 
815.020027962008 
819.492757389687 
842.535094041536 
775.944065389914 
769.249869310885 
782.952776121518 
757.662487373892 
845.097560789889 
766.409305396045 
833.523421575109 
755.192719681036 
756.659351166204 
779.092522596222 
808.858851452081 
824.293244192156 
