10.4156689618915 
9.58539640618943 
9.2625620024122 
9.66489754010174 
9.99506578257961 
9.0352200088688 
10.6444009217213 
9.54956942347927 
9.38202016460705 
9.04533590820726 
9.18374499433394 
9.89475263679435 
9.25854160713634 
9.77958652616294 
8.76894245529117 
9.20083469498386 
9.1225127639683 
9.82514143455721 
10.1909026427776 
10.4434277998736 
9.12237563890385 
9.44341490709812 
9.93009932295044 
10.0162202681485 
9.47739070000261 
8.79599125597905 
10.2958864591633 
9.03617382026186 
10.3081229384461 
10.3548258393924 
