380.013156644519 
372.428387496619 
369.435532276321 
376.765379021608 
370.498260733971 
362.830724572235 
369.713629442809 
388.759974666672 
350.485196788507 
370.107600428667 
356.765557798358 
364.664841598834 
366.886308250183 
370.455221886777 
368.260240679855 
383.476128503404 
372.885261412992 
374.080417092779 
371.567610552728 
364.307288099064 
368.107949374397 
371.272959983473 
356.454353826336 
354.458013452619 
380.619011185796 
365.091919390226 
366.816783958561 
374.454523995316 
372.514465191008 
379.596010894788 
380.374020824843 
365.763987542571 
375.212669842051 
365.816958431426 
387.184090723241 
367.4822307498 
366.015599264632 
361.883869933955 
376.576670230063 
394.328539357536 
355.232712702121 
382.585555434532 
368.56482329077 
359.599500352091 
391.183392831781 
362.357297253095 
362.887006141644 
372.262853468948 
370.998173497539 
373.133562454499 
376.778621743822 
369.342833220825 
360.500005462623 
364.648288196066 
352.094187537473 
376.14959243867 
375.884737994396 
371.829154316449 
395.563423203964 
367.776881319055 
375.073621258807 
391.272781206723 
367.012114111213 
377.79168999317 
383.827060642067 
397.19227803625 
388.766596027779 
365.419676765015 
381.181826879879 
369.332901179165 
363.194899433112 
368.319832929817 
372.10063012183 
376.818349910463 
368.604551457411 
373.355378051578 
376.25553421638 
377.854592923685 
372.282717552268 
373.739416995776 
373.239504232209 
356.692722826182 
380.539554852514 
365.138268917974 
367.61796865249 
375.758932133366 
367.7239104302 
413.987360483783 
362.847277975002 
372.087387399616 
372.36217388555 
371.925164052498 
373.765902440203 
368.137745499378 
379.168933103396 
366.0818128757 
362.122238933802 
356.404693618034 
385.194371710632 
363.992773446488 
