1285.82859878425 
1269.94726416946 
1254.50625006828 
1288.76517243514 
1273.96974104188 
1277.29366431752 
1252.02323965321 
1318.71358872144 
1204.60767276704 
1293.62525148757 
1200.04555496442 
1217.44980263378 
1231.67579697185 
1232.89081673496 
1295.40970830587 
1232.45711758246 
1227.78574732158 
1244.26300443598 
1304.78886631373 
1253.42365752731 
1265.89168049152 
1228.20951443242 
1316.43915118123 
1206.89866371001 
1263.87216535393 
1242.61428552037 
1240.62456650776 
1237.93960457894 
1225.41861072588 
1272.65540086217 
1250.15932650163 
1284.38514206296 
1281.23006349554 
1299.63082601149 
1207.13041134875 
1213.85771423331 
1276.58517867908 
1330.57244646381 
1268.17273939283 
1231.281825986 
1286.61323007541 
1262.25986392441 
1262.29959209105 
1335.79338969657 
1260.49527118943 
1223.15079454678 
1282.36231624481 
1229.53378665379 
1303.52418634232 
1212.52350997028 
1369.62854495259 
1297.48881569342 
1262.3459416188 
1223.97515400458 
1274.80403254134 
1292.02950346082 
1202.14452643529 
1236.88680816295 
1255.85038637297 
1238.98577963382 
1221.11141532587 
1323.75575520431 
1338.67037109749 
1304.50414778613 
1336.63430255714 
1276.35012035979 
1225.31597962872 
1300.23005919166 
1297.42260208235 
1308.89742088053 
1214.52316102455 
1205.00495443345 
1181.07866607383 
1238.95598350884 
1333.91292314222 
1239.63467302229 
1255.55242512317 
1265.34872888075 
1239.87635270269 
1240.11472170254 
1274.50276061098 
1296.44264063854 
1260.95545578636 
1190.05061037362 
1187.97150298607 
1255.46634742878 
1234.8143221365 
1278.97217935811 
1220.97898810373 
1272.23825511244 
1256.86676530288 
1244.58414044966 
1253.24157009687 
1277.23738274811 
1265.8718164082 
1273.53604188938 
1257.66794999681 
1262.95179616007 
1217.48290943931 
1261.01173735577 
