7.82693947239755 
8.26265583514096 
7.41725958813369 
8.50303989824214 
8.53155958313775 
7.49319614664751 
7.67953071563854 
8.30010431864265 
7.45809372317386 
8.36951077358942 
8.66635815952176 
8.8995569567682 
8.48054076577089 
8.61938739946398 
7.60298904710897 
8.10469291999214 
7.97729388532275 
8.38871140531461 
7.6439507263942 
8.15992967304657 
7.3695919666432 
8.18532320777208 
8.06704333285798 
8.24522550123867 
8.34825775650889 
9.28924311870427 
7.51390425290932 
8.37139089504728 
8.37616088269127 
7.67335388806137 
8.67447586134487 
7.91748762667504 
8.56046400521749 
7.675344657978 
8.60439894938298 
7.47537811600379 
8.2700916485314 
8.35227137499376 
7.95770606911876 
7.35389143686075 
8.14370353893894 
8.23509693080119 
8.32102694545494 
7.64933804226516 
8.59646470254123 
8.72393211047599 
7.79557332270146 
7.722887639197 
7.55826960438641 
7.84522514402563 
8.82244233917496 
8.00473430240758 
8.25378717207761 
8.01569760021015 
8.61738526958002 
8.45806354827196 
8.199004687766 
8.04899934384585 
7.82656370742784 
8.00857611962556 
8.65424711388748 
8.115415813834 
7.54290817813657 
8.52855632575316 
8.69149023872477 
8.73546992687555 
8.1365204344066 
8.76921258301762 
7.01879117780478 
8.30011138604798 
8.08665415946552 
8.73868543091193 
7.8050276038111 
7.52730408360328 
8.51175610761102 
8.30412974613346 
7.86859198927232 
7.82414218346312 
7.75658242289195 
7.9592895966081 
8.15131003615952 
8.82683866911279 
8.46597576749937 
7.88714782748108 
8.31925493016671 
8.69110243845877 
8.35017737432235 
7.99453972879266 
7.58416045786098 
7.6179762264949 
7.89665908040426 
8.22626645248278 
8.31080018730873 
8.12467816346477 
7.90811697334755 
8.76438255939692 
7.46396370681031 
8.13185927469408 
8.3954144428855 
8.49285160598077 
