9.24595712926276 
8.50146255634631 
8.30964850098692 
8.53016217978935 
8.97130157602511 
8.07795203938365 
9.58704159583893 
8.37344026387025 
8.33221953479747 
8.12785882673354 
8.23607660122932 
8.7526069835462 
8.13217734027395 
8.74080140252816 
7.82454704704779 
8.19840380985359 
8.0510668965904 
8.67178687128439 
9.05502752043829 
9.22946640049293 
8.04386507307089 
8.40182915959915 
8.80198131840454 
8.96808156774641 
8.43048041265728 
7.76395930284631 
9.26898998471361 
8.0179986492077 
9.22157597644641 
9.23454943850833 
