1018.15676535916 
1029.00586553274 
1072.0645768106 
1022.49375688415 
1149.11073464995 
1029.50908897686 
998.554225802319 
1023.03339781435 
1017.61712442895 
981.606852049328 
990.3238739465 
1011.16460803032 
1009.13185017052 
993.909340985861 
1054.17365909989 
981.176463577382 
1027.25782620053 
963.199468172276 
968.32440166898 
1032.76017728032 
1036.41516861131 
1034.29964373767 
1027.18499122835 
1072.99487804612 
1022.19248495378 
999.967886398632 
1045.66852075813 
1077.58017061261 
1034.16721651553 
963.709312977504 
