554.55223542117 
559.157392070986 
549.59614663269 
576.545086337583 
579.461795905152 
590.602235967432 
529.622810853868 
525.984372925652 
508.841669020009 
513.592495614176 
535.181443503071 
571.751220896221 
559.829460223332 
529.404305937341 
574.224299269631 
521.776497942246 
514.704884280127 
513.102514892269 
516.621768320561 
542.901950553662 
567.937316898674 
546.424514662508 
525.981062245098 
553.751050727241 
513.691816030779 
526.279023494907 
542.402037790094 
563.931393429027 
523.991343232489 
510.934019129774 
