8.31789978316347 
7.7833206159532 
8.5992471195419 
8.15321026546801 
7.94169649925916 
7.70727247142133 
8.70668247085308 
8.15850039278294 
7.03355102129929 
7.99658616292615 
7.99445015748084 
8.51132423195043 
7.65934340080257 
7.79321176782915 
8.02622159478724 
8.32155716224992 
7.30984312388278 
8.25200525800972 
8.87293104234313 
9.06878385690754 
8.03265776222627 
8.47680677704625 
7.79407514612271 
8.17559738907669 
8.20359233417899 
8.22494887404811 
8.46155031964862 
8.11654003200304 
7.99455687549744 
8.90894123535308 
7.62820323156307 
7.92180855956714 
7.97085110934297 
7.94983699868424 
8.73805880217535 
8.25042062133491 
8.77233394179281 
7.77911342490478 
7.74007763185845 
9.19951258927887 
7.83821532515943 
8.27463604877883 
7.81870851051682 
8.11091222501284 
7.67325570929399 
8.83974409901142 
8.80926570928448 
8.26853794239668 
7.66122960025948 
7.26936426230766 
8.18376839455849 
8.86550927662998 
8.7948389582489 
7.24560880515754 
8.10558924608333 
8.13512306854174 
7.77565360244186 
7.63720809415494 
7.61605501659269 
8.57776238868543 
7.87556322234049 
7.31441082419348 
7.6605615281308 
7.67103948163013 
8.0657114834207 
8.33076380831777 
8.55620151975138 
7.7294294678286 
8.32050900767697 
8.51833663298476 
8.34136493818487 
8.68687367735134 
7.63347197402176 
8.38954006941655 
8.64740061363314 
7.09643435583436 
7.67090920433582 
7.62996870397954 
8.58498137981532 
8.07671848984277 
8.23519901506738 
8.57172955584186 
7.89130388822386 
7.8331801398115 
7.24150292761137 
8.32833784119897 
8.42173167263558 
8.37845198321027 
8.63689639466631 
7.89534863140372 
8.39269233030024 
8.11225441784621 
7.88820042343369 
7.66949247516146 
8.0719893882359 
8.99828004331868 
8.08333716818128 
8.7190856145784 
8.58572530326117 
8.04305781349822 
