16.4302165939256 
15.1728995806812 
14.3437515735994 
15.1200909784844 
15.6573081324169 
14.0574634460884 
16.8432342656593 
15.053228473829 
14.9017962839456 
14.4680324613742 
14.5975247106446 
15.4042016745356 
14.6566498207004 
15.598005967244 
13.9663149916897 
14.4081467396486 
14.2683775093477 
15.2779537355499 
16.2150910634226 
16.4183365596484 
14.6168663280823 
15.1687884539037 
15.4951776786362 
15.745408832037 
14.6742564741488 
14.1836550884155 
15.887890407594 
14.2380783322271 
16.3652902261448 
16.5875755414623 
15.5701533286828 
15.5312390799458 
15.8529254249728 
14.6202336944267 
15.6188946821263 
14.8292724828548 
14.7733140258869 
14.9806891373323 
14.8056026568667 
16.8568422145005 
15.28413831568 
14.6308774159131 
14.4090766102935 
15.1110311189857 
14.9036082616719 
13.9785724430399 
16.5756818673562 
14.8232566576448 
15.5840033525422 
14.2291406393541 
14.6433706968293 
15.3918700803639 
17.2978696738506 
14.7219139402171 
14.36721018727 
15.9201721046132 
15.6604003493503 
14.7946574399158 
14.6505676434194 
15.4830993514059 
16.3018668638534 
14.3887262780806 
14.6935209065654 
15.1550223771985 
15.0307337757348 
14.8530074192155 
15.1703055796332 
15.7349159675673 
15.0144944933046 
15.9235193212218 
13.8268073395013 
15.0188545974174 
14.6791528295535 
15.7247090025682 
14.8545390265495 
15.2758877468603 
15.3819438253441 
14.8574909708613 
15.4188244252192 
14.1124904199936 
15.0402138484911 
15.605567503094 
14.5487777562301 
14.4555114276466 
14.3158962973445 
15.0889707962258 
15.9459647383049 
15.4864311071293 
16.2333633752522 
13.5795240720829 
15.4180553017286 
14.9684799793541 
14.4488865445449 
15.6716029038851 
16.3273039438962 
16.5557809744754 
14.999099073312 
15.1066594888928 
15.405210438959 
15.1937571643417 
