3098.63477466018 
2278.9069589512 
3098.24742503543 
1176.96017946537 
2493.38939860495 
3336.33832771566 
2016.60836006432 
3097.84021132736 
2185.97946649707 
3556.36946797695 
1738.66348488194 
1252.34106498634 
2578.41098589749 
2033.51931633122 
3160.00817075961 
2644.39616000784 
2137.07409336185 
3733.07704251609 
2654.692376529 
2165.68168402401 
3196.6176763194 
2028.89098491753 
3026.96185135905 
1505.0949718377 
3517.61464141853 
2867.77770898919 
2510.81351035763 
3288.79033360735 
2106.58603614535 
2577.62304392578 
2972.76601069946 
2529.73736040102 
3348.97850606864 
3169.9037949338 
2396.78374005596 
1012.61468611272 
3387.50820634942 
3002.41315505539 
1121.19507622345 
1251.58954050071 
2508.1782086371 
1531.67973668171 
3769.45480043714 
3284.89697327652 
2354.31101923605 
3280.29843798781 
1335.13456426643 
1255.71464847028 
3854.17842647988 
828.017759814761 
4021.03010501148 
3157.06497574761 
2994.65623051871 
1022.99366964771 
4464.81027979555 
2813.03891671884 
733.862004875308 
1521.49939397992 
2248.25336770703 
2405.11672300893 
2161.0831487353 
2004.7097741553 
2962.06589115078 
2436.87939223851 
2460.19651537629 
2483.50701715297 
2753.67510371534 
2570.94540124952 
3087.40163554241 
3866.96758545777 
2633.5867880009 
2601.42021574381 
968.572702710487 
3183.67953671661 
3260.60651005603 
1573.9902341545 
1821.54637253698 
3322.00639159988 
2141.97390058093 
995.584545345895 
2285.86269879395 
3952.39638645839 
2573.0509940815 
858.406496614664 
976.607724413654 
1372.99219639487 
977.240064399358 
1862.36044239962 
2800.9284472544 
1472.89860345562 
3285.86700267867 
2008.34821208352 
2643.91280064704 
3245.00327260773 
1673.42321389612 
2287.98153434815 
2918.81847108137 
1914.94067094914 
1391.7207162856 
4607.93762148128 
