16.4302167464739 
15.1728997902909 
14.3437516099549 
15.120090935873 
15.6573081148588 
14.0574636237026 
16.8432342656593 
15.0532283033076 
14.9017961829196 
14.4680325011832 
14.5975247106446 
15.4042017031081 
14.6566499499483 
15.5980062509842 
13.9663150041038 
14.4081467523673 
14.2683776456417 
15.2779536058905 
16.2150911500534 
16.4183367056693 
14.6168662058504 
15.1687885957313 
15.4951778519396 
15.7454088147279 
14.6742563654041 
14.183655156866 
15.887890407594 
14.2380783322271 
16.3652902261448 
16.5875757630539 
15.5701534401901 
15.5312393450977 
15.8529258269822 
14.620233772425 
15.6188947317641 
14.8292724564285 
14.7733139634009 
14.9806890418944 
14.8056027568088 
16.8568421831364 
15.284138368711 
14.6308774321457 
14.4090767055498 
15.1110310201907 
14.9036082616719 
13.9785725261869 
16.5756819517602 
14.823256622392 
15.5840033553002 
14.2291406631833 
14.6433708047798 
15.3918699743506 
17.2978697616578 
14.7219141117462 
14.3672100449573 
15.920171894913 
15.6604003475533 
14.7946574708342 
14.6505676434194 
15.4830996207804 
16.301866859476 
14.3887264354852 
14.693520818733 
15.1550224503562 
15.0307338897723 
14.853007614089 
15.1703054995748 
15.7349161632198 
15.0144945651498 
15.923519454103 
13.8268074552431 
15.0188547281448 
14.6791528935031 
15.7247091073091 
14.854538915531 
15.2758877656252 
15.3819437180421 
14.8574908830331 
15.4188244252192 
14.1124905142133 
15.0402139037761 
15.6055675542442 
14.5487776800634 
14.4555114276466 
14.3158962552945 
15.0889708985194 
15.9459648431366 
15.486431153472 
16.2333635597331 
13.5795240235297 
15.4180553017286 
14.9684802500259 
14.4488865806398 
15.6716028396601 
16.3273038768671 
16.555781138204 
14.9990990477635 
15.1066597655042 
15.4052104627882 
15.1937571643417 
