625.231954556274 
599.766199739317 
643.361241266839 
615.051611854488 
609.982959927191 
600.944802016337 
611.323785551329 
623.973895945972 
618.468234185624 
609.92336767723 
575.727348240886 
557.786770321868 
589.423633690412 
612.727514105982 
638.994453616869 
625.77821684759 
613.065203522432 
631.214354316316 
616.872486158872 
614.270291243879 
616.955253172708 
575.356552018903 
608.440182789295 
552.953176713865 
622.401322683095 
639.563890672058 
584.275525429834 
594.598227395418 
599.113995670292 
643.036794572603 
