409.719893250416 
422.466013381109 
426.011752253829 
411.514282110373 
421.817119992637 
383.727740225464 
403.075357379689 
414.917661719296 
428.210044141304 
414.844826747121 
411.656641374171 
399.963317659468 
404.578406350945 
414.854758788781 
404.677726767548 
427.998160585885 
409.988058375244 
417.384118731599 
416.60279812099 
418.761361841824 
404.161260601213 
404.598270434265 
414.728952927751 
411.865214249037 
400.625453770153 
405.015416183997 
415.838030913149 
402.697939796598 
411.189835416138 
435.930551191895 
