16.4438585715219 
15.1804818188238 
14.3520382615528 
15.1230771385164 
15.6644197647244 
14.0734785637215 
16.8471908427673 
15.0656380882405 
14.9101252812976 
14.4819364000456 
14.6007851562694 
15.4082815465865 
14.6635755819752 
15.6082014031814 
13.9805876127296 
14.4152166303244 
14.2780494092881 
15.2879020229968 
16.2293140459208 
16.4248969720962 
14.6272370412378 
15.1754357620014 
15.5001672100673 
15.748615250977 
14.6860212111605 
14.1954472544664 
15.8920063023187 
14.2426341528116 
16.367412543921 
16.6005813431217 
