14.0790420029948 
14.0094788922155 
13.596165949207 
15.1799169905954 
14.7339120229043 
13.4257630474345 
13.9353000229492 
14.43865957506 
13.5258026427736 
14.482916964146 
15.3213691752693 
15.4103755834755 
15.1389498326753 
15.0352116824452 
13.5464307497933 
14.3645073773615 
14.3302993720779 
14.457326553582 
13.5960973535027 
14.4889011051766 
13.4286857330814 
14.2748234432427 
14.1580556179627 
14.4624600078636 
14.9112421454106 
16.0418969311183 
13.8635505654598 
14.5456022101678 
14.5885929300211 
13.8687593482096 
15.2792653038514 
14.3509939444334 
15.255111037169 
13.9877905719046 
15.1520625605799 
13.1726194619324 
14.5004368819579 
14.4825870474736 
13.9011970209764 
13.2032796798354 
14.097039232698 
14.7789494205394 
14.3406878067358 
13.7955002005535 
15.1222107240053 
15.6595573912689 
13.8359718523888 
13.8394946112293 
13.5542736519478 
14.6694499998537 
15.5578049748054 
13.9566688550862 
14.6668349527484 
14.1272197540561 
15.2476708791533 
14.7132054143484 
14.591256581603 
14.6148745304152 
13.5898302646099 
14.4586818074186 
15.28126653891 
14.2859844401819 
13.8203696161574 
15.2562482313444 
15.4574834987758 
15.3961131463362 
14.4998741026335 
15.3365967573703 
12.5752423629314 
14.6462109028339 
14.7696163972099 
15.5763798143026 
13.8587148128442 
13.465581602426 
15.4441647110924 
14.7180761305363 
14.0756167372676 
13.6537340450626 
14.412177599455 
13.7114186250085 
14.6790919339949 
15.308275028536 
15.0204477605077 
14.1316382243237 
14.2793354309195 
15.0400457331686 
14.955245525074 
14.1123931341073 
13.5937243567686 
13.9769604288043 
14.112729808527 
14.294489526335 
14.6623798444037 
14.2325935206522 
13.8835619492216 
15.475621955088 
13.5310014254345 
14.2652172400924 
14.5408147198149 
14.757281390295 
