0 0 0 0 0 0.0182772377567141 0 0 0 5.6466432685624 0 0 35.529950049763 0 0 0 0 0 0 0 0 0.0643314075829384 0 0 11.7722340023697 16.1783505971564 0 0 0 0 0 0 0 0 0 0 76.8486824865718 143.638019300158 0.140222200631912 0 0 0 0 0 4.91772966666667 12.6120526413902 0 0 0 0 0 0 0 0 0 224.068363187994 0 0.00324871563981043 0 0 0 0 0 0 0.848387259083728 0 12.8687483838863 0 0.0831550979462875 0 0 0 0 0 0.633147000000001 23.0253672725119 0 0 0 19.870943985782 0 0 0 0 0 0.287821516587678 0 0 0 10.2530157527646 0.598916291469194 21.1925004470774 6.24437255687204 0.187563998420221 56.890663371248 1.89889885939968 0 11.0834000197472 7.8598473507109 34.3178278775671 
0 1.05176505055292 0 0 0 0 0 0 0 0 2.87251626619273 0 0.142078684834123 0 0 0 0 0 0 0 0 0 26.9164011082149 0 8.07291810900474 0 0 0 0 0 0 6.36500808293839 0 0 0 0 0 0 0 0 0 0 0 0 0 2.37425985939968 0 1.44562465560822 0 0 0 0 0 0 0 3.63055311690363 0 3.73805510189574 0 0 0 0 39.1149277638231 0 0 0 0 0 0 0 0 0 0 0 0 0 6.89130515086888 0 0 0 20.3672464589258 2.15653732701422 0 0 0.00181957345971564 0 0 0 0 0 0 0 1.72470416824645 0 5.02080609636651 0 115.586449226698 11.8232407914692 0.0331323672985782 0 
0 0 0 0 36.1439745244866 0 0 0 0 0 0 0 22.952588764613 0 0 0 0 19.7888035837283 0 0 0 0 0 0 0 13.2674195442338 0 0 0 76.6225976169037 0 0 10.4946575086888 0 0 0 0 0 6.18999129383886 0 10.6978762330174 56.6385472385466 20.6473286958926 0 0 0 0 0 0 0 0 0 0 0 0 1.97246374407583 0 0 2.80605623222749 0 0 0 0 0 0 0 0 0 0.524318628751975 0 0 0 0 0 0 0.928203063981043 0 0 0 0 10.8186329620853 0 0 0 0 8.72892716034755 0 0.00181957345971564 0 15.9069887116904 0 9.95525002132701 0.67940875750395 8.95538014691943 0 10.7721641532385 0.319296374407583 5.00040381121643 74.6585306769352 1.32907275039494 
0 0 0 0 0 0 0 0 0 0 0 0 21.9275178333333 0 0 0 0 0 0 0 0 0 0 6.02397435150079 0 0 0 2.71732345971564 1.4450104028436 0 0 0 0 0 13.3896963436019 0 0 0 0 0 0 22.5571174557662 49.6165300007899 0 0 0 0 0 0 0 0 0 0 0 0 0 0 0 0 0 0 0 0.256844241706161 0.212807357819905 0 0 0 0 0 0 0 3.20998396840442 0 0 0 13.2357717156398 0 38.0221847480253 0 0 0 0 0 12.4914563546604 0 3.88342063507109 0 0 0 0 0 0 19.4488594375987 29.7602306982622 24.8227107875197 0.00902781358609797 13.4136657914692 18.4745005955766 0 2.31960401026856 
0 0 0 0 0.210629355450237 0 0 0 0 0 0 0 0 0 0 0.140615246445498 8.41008031674566 0 12.3771253720379 0 0 0 0 0 6.10016337203792 4.14568890047394 0 0 0 0 0 0 20.8204743625592 3.02741455292259 0.0408914881516588 0 0 4.69819676777251 0 0 0 0 65.1670019004739 1.98347208293839 0 0 5.96367607582939 0 0 0 11.1689975315956 0 0 0 0 0 0 0 0.0348387819905213 0 0 0 0 0 0 0 0 4.15535707266983 0 0 0.0606075260663507 0 5.49634162796209 0 0 0 0 1.05943450710901 7.47084417456556 3.58068199052133 0 0 3.35626421090047 0 0 36.9262848246445 1.97187563744076 0.102978426540284 0 0.123404170616114 0 0 0 15.5616675789889 5.0184911042654 0 9.745080671406 0.47868568957346 8.30931475750395 0 
0 0 0 0 0 0 0 0 0 0 0 0 0 0 1.86621158135861 5.23308063270142 0 0 0 0 37.085573871248 0 4.33048590126382 0 0 0 0 0 0 0 0 0 0 0 0 55.6704426413902 0 0 11.298899328594 0 0 112.812359847551 0 0 0 0 0 0 0 0 0 10.9643283807267 0 0 0 0 0 0 0 0 0 0 0 1.82900127014218 0 0 0 0 2.80696856398104 1.97950595181675 0 0 0 10.7393929470774 8.85219409952607 0 94.3662345545024 0 0 5.5674492535545 0 0 0 0 0 0 0 0 18.1810094691943 0 0 10.4594745600316 0 0 0.547742795418641 0 76.3057669091627 16.4793799273302 1.46321682780411 0 
6.0880586793049 0 0 0 17.2080047914692 0 0 27.6811149676145 0 0 0 3.59369426303318 0 3.14980437124803 0 0 0 20.2342336184834 0 0 0 0 0 0 0 0 0 0 37.4571902733017 0 0 0 0.0547567756714061 0 0 0 0 0 0 7.06115680884676 0 0 0 0 0 0 0 0 0 0 0 0 0 0 150.6026695 27.5386506232228 0 0 3.22960127804108 0 0 0 0 0 5.49054769747235 0 0 0.95157362164297 0 0 0 0 30.2985049984202 0 0 3.98969520300158 0 2.89371056161137 6.50319425197472 0 41.3599026532385 0 0.581005281990522 0 3.44150449526066 16.4440703467615 4.80198074565561 0.0193151808846762 0 8.04643819826224 0 0 0 0 0 1.84391166745656 0 0 130.636873743286 41.1057625545024 
0 0 17.6560707116904 13.5734986082149 0 0 0 11.471421199842 0 2.05435163823065 0 0 0.423667950236967 0 0 0.00181957345971564 0 0 0 0 0 5.59510134123223 0 0 7.99074981990522 0 0 0 0 0 0 0 0 0 18.103106021327 0 7.01270319668247 0 0 0 0 0 40.3213014281201 0 0 0 0 0 0 0 0 8.16503521090048 0 0 8.25219891390206 0 0 0 0 0 4.0589566342812 5.72133514296999 32.6635242977883 35.5980837654029 0 0 0.0632157503949447 0 0 9.13371202211691 0 0.17054347235387 0 9.0580480600316 5.98965568088468 8.3237725900474 0 0.212011884676146 0 0 3.73446067219589 4.39732295102686 0 9.8082012685624 0 0 0 0 2.81436115718799 0.789613947867299 57.5979332369669 9.55278172511849 6.19363121800948 42.4269828593997 4.20236631200632 3.56824662243286 0 0 0 0 
0 0 0 0 0 0 0 0 0 0 0 0 0 4.56534429225908 0 0 0 0 0 0 0 0 0 0 0 0 9.04277384439179 0 19.0328550268562 0 0 0 5.44944902843602 0 0 0 0 0 0 0 0 0 0 0 114.349128704581 0 0 40.2992689810427 0 0 0 0 0 0 0 3.46748248815166 0 5.67725122827804 0 0 0 0 0 0 0 1.21431843917852 1.66783301816746 5.79725318404424 0 5.96486618483412 0 0.980942086097946 0 59.8294463404424 0.698415660347552 0 0 0 0 0 0 0 6.11419889020537 0.457503842812006 0 0 0 0 21.595297371248 1.03719048736177 3.09487202132701 4.19492654660348 0.87015668878357 20.5332696334913 0 0.00181957345971564 40.5966333617694 0.751990911532385 0 0 
37.8071810916272 8.9498260221169 0 7.12351522985782 0 0 8.76994591548183 6.00234474802528 0 0 0 0 0 0 0 0 0 0 0 0 0.452063747235387 0 0 0 0 12.128648035545 0 15.6396816721959 0 0 0 0 81.1871863775671 0 0 0 0 0 0 0 0 0 0 0 0 0 13.5366895624013 0 0 12.2334566935229 0 0 0 0 0 0 0 0 0 0 0 0 0 0 0 0 10.3170692796209 0 0 6.25861490600316 0 0 0 0 22.9527352030016 0 0 25.4468699968404 0 0 0 0 0 0 0 0 0.362270729067931 50.5463190055292 0 0 57.6814384723539 0.0788870987361769 0 10.544350793049 0 0.357183681674566 0 92.9460652045814 1.43726336176935 0 
0 0 0 0 0 0 0 0 0 0 0 0 0 0 0 0 0 0 0 0 38.0076581840442 3.13017900947867 4.32615955924171 0 0 32.1381275205371 0 0 9.35591056635071 0 0 0 15.1688398301738 0 0 0 0 3.51699236650869 0 0 0 0 0 0 0 0 0 0 0 0 0 37.9367020845182 0 0 0 0 41.0798532559242 0 0 0 0 0 0 0 0 0 0 1.83002817772512 0 0 0 1.88564098973144 0 0 2.59032767851501 3.833214 5.28952398025277 0 0 2.27988752606635 0 0 0 4.41875822116904 0 0 0 0.0204216342812006 0.0623717914691943 0 0.292591962085308 0 0 0.222309213270142 0 8.71240998341232 28.2519477843602 1.86634585466035 0 63.2124796011059 
0 0 0 0 134.150610545814 0 0 0 0 0 0 11.6517310631912 6.29346003554502 0 0 0 7.81521381042654 0 3.4228670450237 0 130.204933992891 0 0 0 18.1130176895735 0 0 0 0 0 0 0 20.5787962290679 0 0 0 0 0 0 0 0 0 0 8.64799443759874 0 0 0 0 0 0 0 0 0 0 0 0 0 57.1214622535545 0 35.9292583404423 0 0 0 17.9565078981043 11.4450500363349 0 0 0 0 14.5897049415482 0 0 8.39391042969984 0 9.39588698815166 2.49903929067931 0 0 0 0 0 0 0 0 0 22.0934682393365 0 0 0 0 0 0 73.4569086105845 0 15.9440806090047 3.88535288230648 0 15.9105477440758 6.85292552764613 49.1671569494471 
0 0 0 7.73084664691943 0 0 16.0064982243286 0 0 0 10.0787690695103 0 0 146.266280312006 0 18.9961739154818 0 0 0 0 128.627020742496 0 23.6115789628752 0 10.4117769036335 0 0 0 0 0 0 0 50.5174686240126 0 0 0 0 0 0 0.0219909921011059 0 12.2597030363349 0 0 0 0 0 3.28762194154818 0 0 0 0 0 0 0 0 0 0 0 0 0 2.13561665244866 0 0 0 8.28850353791469 0 17.1912423665087 0 0 0 0 0 0 1.26849553396525 0 0 0 0 0 0 12.4174510726698 0 0 0 0 0 0 32.554204014218 0 85.1213251311216 35.7862377045814 0 5.02121379146919 0 33.1522011413902 0.0348387819905213 25.0783915916272 0 42.8597647796209 
0 15.5601673167457 0 0 0 0 0 0 0 0 0 0.262480684834123 0 10.4749888562401 0 0 0 0 0 131.381728226698 0 0 0 0 2.11203318957346 0 0 0 24.5240358262243 0 0 0 0 0 0 0 0 0 0 0 0 0 0 0 0 0 0 0 0 0 2.56677407661927 0 0 0 0 0 2.32907284676145 0 0 11.5811209526066 0 0 0 3.81622909241706 0 7.62737368246446 0 0 0 0 0 0 0 0 0 0 0.225745300947867 4.72466703396525 0 0 62.3616475766193 0 3.72022842101106 4.91395688151659 0 13.7033887448657 0 0 0 5.99561025039495 0 0 0 32.176237535545 0.703684725118484 0 0.00735540284360192 0 0 0 
0 0 0 0 0 0 0 0 0 0 0 7.31444347077409 0 0 0 0 0 0 0 0 0 6.31857677093207 0 0 0 0 13.2645010039494 0 0 0 0 0 8.40906209083728 0 0 0 0 0 0 0 0 0 19.7969583206951 49.8544638546604 0 4.38503787045814 53.9943850600316 0 0 0 0 0 0 0 0 4.81102047867299 0 0 0 0 0 0 0 3.5911068206951 0 0 0 6.92831272274882 0 0 0 1.50466822037915 0 0 0 56.8383365600316 0.932361562401264 0 0 0 0 0 7.32040465718799 0 0 0.0118795639810427 9.42288482780411 0 3.32637708451817 6.4272607093207 22.6213843593997 0 14.6092253033175 10.2438146248025 7.95631313033175 0.463153601895735 0 0 89.2473514178515 4.40284604107425 
0 1.58083154581359 0 0 0 0 0 5.21634337756714 0 8.99329557740916 32.5628733064771 0 0 0 0 0 35.0541330884676 31.8017715734597 0.380208962875197 0 0 0 0 0 0 0 0 0 0 0 0 0 0 0 0 22.1759874707741 0 2.12508094549763 0 0 0 0 2.07984357345972 0 0 0 0 0 0 0 0.418167454976303 0 5.40290229778831 0 0 0 0 0 0 0 12.6721342472354 0 0 0 0 14.0063399281201 12.1187334131122 0 13.8930837393365 48.6932249636651 0 23.6282758909953 0 0 0 15.511778685624 0 74.1475497037915 0 2.61450083017378 0 0 0 0 0 0 0 0 0 44.4127626808847 0 0.746759496050553 11.9129654889416 45.8704916635071 19.3923993412322 0.0171772132701422 46.2814042922591 2.65304758530806 18.3668678420221 25.0937599565561 
14.5419519439179 0 0 0 0 0 0 0 0 0 0 0 0 5.27598081042654 0 0 0 0 0 0 3.94531549763033 24.8437259826224 0 0 0 0 0 0 0 0 0 0 4.47702914612954 0 0 0 0 0 0 0 0 0 0 0 0 0 3.41739005371248 0.0348387819905213 0 3.38254147077409 0 0 0 0 0 0 2.15077195181675 0 0 44.4885065781991 0 0 0 0 0 0 0 0 0 8.22653796603476 0.393072010268562 0 0 0 4.88455490047393 0.091362406793049 0.603565654028436 2.38386826461295 34.6282498870458 0 0 0 0 0 0 0.374777623222749 0 0 0 0.482688778830964 0 0 0 11.3022029968404 1.1331471864139 0.074810458135861 23.9432866382306 0 0.564530597946288 0 
0 30.6660363104265 0 0 0 14.1179892322275 0 0 0 0 0 0 0 0 0 0 0 0 28.1212751635071 0.0741407661927332 0 0 46.3830258491311 0 0 0.0655997345971564 0 0 0 0 0 0 0 0 2.3467513206951 0 0 0 0 0 196.702036771722 0 0 0 0 0 0.210629355450237 0 0 0 0 0 0 0 0 0 0 0 0 0 0 6.38112635308057 0 0 0 0 0 0 0 8.40000908056872 0 19.3991701540284 0 0 92.5607444075829 0 0 20.1592647804107 0 10.2348464913112 0 0 10.9528892748815 0.121179048183254 0 0 0 0 0 32.1662324605055 56.9582826635071 3.37709646919431 0.00181957345971564 22.1340012314376 76.8177433183254 2.19153048894155 0 0 7.9896714628752 36.7194674565561 
0 0.00573882780410742 8.45466471958926 0 0 0 0 0 0 0 0 0 0 0 1.80125416034755 0 0 0.0444769628751975 0 0 0 0 0 12.3324519597156 0 0 0 0 116.35114492891 18.892467014218 0 0 0 0.398134704581359 0 0 0 0 0 0 0 0 0 0 0 0 0 0 0.105409654818325 0 0 0 0 0 0.00340086650868878 8.84809892812006 0.291597292259084 0 0 0 0 4.60619198815166 0 0 0 0 0 0 0.00285441390205371 0 15.2718866777251 4.16159135545024 0 79.3453529454976 0 11.0887886082149 0.00989829778830964 0 8.990119671406 7.75536916587678 81.8566202685624 0 9.97850604265403 0 4.04507409873618 10.251074614534 0 12.2028503396524 0 22.5196285916272 26.6151908167457 0 8.41399161453397 9.55625664139021 1.45488113823065 0 0 2.0958214699842 15.4622149636651 0 
1.65493807424961 0 0 0 40.4821483933649 0 0 85.9798285703002 0 0 0 31.3073226682465 0 0 0 0.397996874407583 0 63.1841570947867 19.0518045157978 0 0 0 0 0 0 0.059049032385466 0 0 0 0 5.95763790995261 0.0326371563981043 0 0.982309754344392 0 0 0 0 0 0 2.42757736729858 1.2275971563981 0 0.128997116903633 0 0 0 0 0 0 0 0 0 0 0 0 0.11843021563981 0.0131170134281201 0 0 0 2.54632815007899 0 0 0 0 0.712378348341232 1.0365989107425 0 29.1554744541864 0 73.4375725157978 0 0 0 0 0 30.2628110908373 0 0 3.65983395892575 1.99082255371248 0 8.24854093838863 0 0 0 0 0 3.22542559162717 0 0 14.2609192867299 0 12.8688008222749 1.03603379304897 0 0 5.86814157582938 0 
0 0 0 0 21.3606338048973 0 14.7763041176935 0.0182772377567141 0 0 0 36.8565615371248 0 0 0 0 0 0 0 0 120.389944421801 0 5.21850501342812 0 0 0 8.24873254581358 0 0 52.1708598254344 0.528811415481833 0 0 0 0 0 0 0 5.21284890995261 0 0 0 0 1.44736289099526 0 0 0 0.828926218009479 0 0 47.9731838467615 0 0 0 47.9394901540284 1.31268788230648 0 0 0 0 0 0 3.71156307109005 0 22.4924170568721 0 0 0 7.18156508056872 0 0 0 0 68.0404020244866 0 0 0 0 0 0 13.6567512085308 0 0.00737818562401264 0 0 0 0 0 0 0 9.29721240916272 0.127724211690363 0 0 0.990557229067931 0 110.693989722749 16.3824775260664 3.61150696682465 0 
0 0 6.74166774802528 0 0 0 0 0 0 47.5673626753555 0 0.30326137914692 0 0 0 0 0 0 0 0 0 7.62447363665087 0 0 0 0 0 0 0 0 0 0 0 0 2.70988104976303 0 0.0348387819905213 0 0 0 0 0 0 0 0.131788742496051 0 0 2.60728721011058 0 0 0 0 0 0 0 0 2.20075463112164 0 0 0 0 0 0 5.11752326619274 0 0 6.84919647867299 0 0 3.53573807424961 0.703511675355451 3.54035191706161 0 3.11550508293839 3.82353797630332 0 0 1.4335123957346 0 3.92267278672986 1.67273310584518 0 0 0 0.0204216342812006 0.179757154818325 0 1.88647432227488 1.00442435229068 1.27580399921011 0.827393227488152 0 0 0 0 0 0.593887376777251 11.1733112883096 19.9052164265403 5.21573919589258 
0 0 0 11.8358111619273 0 0 16.1720765363349 0 2.8004710221169 0 0 15.0863165592417 0 0 0 0 0 0 0 0 0 0 0 0 0 0 0.0330821966824645 0.0234909715639811 0.633529927330174 93.410941328594 0 0 0 0 0 0 0 0 0.644054667456556 3.17269975118483 0 0 1.27546268562401 0 0 0 11.4269885876777 0 0 0 0 0 0 0 0 0 0 0 0 0 5.16436878988942 0 0 0 0.71081148736177 0 0 0 8.26170808056872 0 27.5308838451817 0 5.63731070695103 0 0 0 0 7.11145266982623 5.58342141943128 0 0 2.97108181200632 0 0 7.02276469905213 0 0 2.31342566903634 0 0 0 11.9932320260664 0 0 2.8785634849921 0 1.4304695221169 1.06791178909953 0 4.11008139889416 
0 0 0 0 0 0 0 0 41.4122642851501 0 0 0 0 0 0 0 0 0 28.4140100703002 2.31689312401264 1.21866540205371 0 0 0 0 0 0 0 0 0 4.96009965955766 0 0 16.0725561184834 0 0 0 0 0 3.51788650947867 0 0 0 0 0 0 43.1569830292259 18.5907286532386 0 0 0 0 0 0 0 7.2688328807267 52.0308715252765 0 0 0 0 3.85401465560821 0 0 0 0 0 0 11.1165799952607 0.740007687993681 0 4.20822 0 8.40034096682465 0 22.8310173728278 0 42.5920731034755 0 0 0 0 0 0 10.4571276303318 0 0 0 5.72468787914692 0 0 0 0 12.1879530505529 0 0.00181957345971564 0.858218087677725 74.0986567582938 0.790846329383886 0 
0 0 4.38822785466035 0 13.5783364139021 0 27.322207514218 0 10.062320178515 0 18.1015785908373 0.0877001469194313 0 60.2041834739337 0 0 0 0 0 1.44867963586098 0 0 0 0 0 0 0 0 0 0 0 0 1.63400222748815 0 0 0 0 0 0 0 0 0 0 0 0 0 0 0 0 0 4.73293098025277 0 0 0 0 0 0 0 0 0 0 0 0 0 0.586496082148499 0 0 0 0 56.5550131113744 7.19682751974724 0 19.9519233159558 0 0.439296039494471 0 0 0 0 9.55772345655608 0 0.0204216342812006 0 0 0 13.3454419115324 0 0 41.8269412369669 0 3.74604360505529 4.74768168404423 17.648107035545 5.05562783649289 0 16.1704148112164 6.75427319510269 14.2192552883096 0.0348387819905213 2.31225410505529 
0 0 19.2115460529226 0 0 5.7761643807267 0 0 0 0 0 0 0 42.1039081745656 0 0 0 0 0 0 0 0 0 0 0 0 7.50694242417062 0 0 0 0 4.87362688388626 0 0 9.12437459083728 0 9.89028160110585 0 0 0.0173109921011059 0 0 0 0 0 0 65.5015103191153 0 0 0 0 0 0 0 0 0 0 0 0 0 0 0 0 0 0 0 0.524264042654028 0 0 0 4.63488309557662 0 4.69602579304897 127.953955943128 0 0 0 0 2.88690971800948 0 0 0 0 8.25718638704581 0 0 0 0 35.3737721263823 0 80.6019935426541 16.5909533191153 0.00181957345971564 24.3385720979463 39.6825967085308 0.962080390995261 0 170.974054882306 10.1429292266983 51.6772001911532 
0 0 0 0 0 3.91726102290679 0 0 0 21.3556749802528 13.0198866026856 0 0 4.95996002290679 0 0 0 0 0 0 0 0 0 0 0 0 18.711015378357 0 0.114665542654028 0 0 0 0 0 0 0 0 0 46.0589555379147 0 4.34696285939969 0 0 0 0 17.7587043586098 0 0 47.6338662772512 0 0 0 0 0 0 0 0 0.811652030015798 0 36.5497210703002 0 0 0 0 0 0 0 0 0 4.88966354976303 3.54084231516588 0 0 11.4453640276461 0 0 0 78.9490981390206 0 11.5627977914692 9.73295428909953 0 0 0 0 0.00260700157977885 0 0 2.29683700789889 6.6704398736177 0 0 61.8228283112165 29.6981452938389 6.20118943996841 0.255438199842022 0 0 10.786526871248 0 
0 0 0 0 0 5.21104082306477 0 0 23.100985035545 0 5.1576201943128 0 0 4.08090160505529 0 0 0 0 0 0 0 64.0488793759873 0 4.86989019273302 0 0 0 2.41443847393365 0 0 0 0 0 0 1.39223798736177 0 0 0 0 0 0 0 0 0 0 37.0270222977883 0.523694502369668 0 0 0.0785996200631912 0 0 21.2353176398104 0 0 0 0 0 0 0 0 0 0.964855471563981 0 0 0 0 0 14.5818899462875 0 0.0355175379146919 1.47240753949447 6.09660898578199 0 0 50.1308310379147 0.0397410402843602 0 4.82418187203792 0 8.52594000078989 0.238438860189573 0 0.198602552132701 0 0.0318507037914692 0 0 0 9.22633482148499 5.24278426698262 67.3248207306477 4.37512421800948 11.7475524312796 5.84657968720379 13.6387608112164 0.362180229067931 0.0444769628751975 0.203923274881517 0 
33.7374776311216 21.110645835703 0 0 0 0 8.99524636808847 0 0 0 0 43.98739614297 0 0 0 9.15740453554502 0 0 0 0 0 0 0 0 0 14.2976086943128 0 0 0 0 0 0 0 8.44976365560822 0 26.4102173657188 0 0 0 0 10.4971602938389 0 0.0393019842022119 0 10.840238757504 0 0 0 0 29.4662004936809 0 0 0 0 0 0.812883346761454 0 0 0 0 177.507829030016 0 0 0 0 0 0 16.0375233807267 0 114.505782826224 0 46.9944133238547 0 0 0 1.9811717164297 0 0 9.12680917061611 0 23.9773586895735 10.4387757006319 0 0 0 0 0 0 0 0 27.1155627748815 11.9403502251185 0 0.00181957345971564 9.16774881279621 7.12612016587678 53.2526717496051 7.60430198894155 0 45.4481603593997 
6.78067389494471 0 0 3.04617175197472 0 0 0.174040721169036 0 0 0 0 0 0 0 0 0 0 0 0 0 0 0 0 2.17163136966825 0 51.9047278167457 0 0 2.65147520063191 0 0 0 0 0 0 0 0 0 0 0 12.7658660165877 0 8.50483934123223 2.90017491627172 0.492922955766193 0 0 0.994266225908373 0 0 0.127372533175355 2.72157722116904 0 0 0 0 0 0 0 0 0 0 1.72609502053713 2.99509525592417 0 0 0 0 0 0 0 2.58730317061611 0 0.794095509478673 3.6688520150079 4.6776375300158 0 0 0 30.0810760995261 3.0936053957346 7.39584754818326 0 0.0847870000000001 1.17395319273302 0 4.33967718957346 0 1.41537737361769 0.170104534755134 3.32181608372828 1.45264109952607 0 0 0 3.68632311453397 0 0 10.365982135861 0 
