1001.83842091132 
985.212183172009 
1003.02364454944 
921.127339699331 
1031.54515751721 
992.505612431208 
967.817867544306 
986.682125337731 
999.338857093481 
1022.20241699544 
966.78824589219 
938.455441715965 
978.945064884373 
956.637699315384 
993.147884458573 
935.164625245859 
1023.45716492519 
965.179255143225 
968.804450349227 
957.869272481259 
978.541161856855 
944.04387049015 
1008.23465574054 
952.810552595623 
958.769777591791 
976.673938024722 
1013.69065729259 
948.43052222344 
984.39113439476 
971.370227778133 
988.989669683469 
980.355414800133 
990.234485571558 
996.912128247819 
988.254698600608 
944.464326920435 
954.320222927986 
968.334333710641 
919.498484867045 
946.238851697071 
979.382074717425 
986.354367962942 
990.724466293465 
1004.17245070148 
957.750087981336 
982.209395910052 
952.863523484478 
944.255754045569 
984.268639214283 
914.482803828603 
967.602673308333 
957.342874273264 
990.403330279782 
938.491859202053 
975.091432720184 
1020.38154269106 
919.740164547445 
938.352810618809 
961.391836590105 
939.902209117813 
987.877281017518 
978.186919037638 
949.559464292158 
976.518336038711 
943.980967559634 
976.283277719418 
950.175250875096 
1002.17942100832 
978.637171592904 
972.949422402117 
1006.05291725583 
966.592915739538 
943.140054699064 
973.459267207345 
999.464662954511 
985.953775615977 
956.972078051281 
964.364827727082 
989.38695134988 
949.473386597769 
937.448994827724 
955.286941649586 
1006.09264542247 
899.753586046408 
930.784594873676 
944.712627961942 
939.78302461789 
995.594477387555 
950.757930652499 
988.026261642422 
1006.73491744984 
953.76402859501 
976.435569024875 
980.550744952785 
959.68683610509 
1001.83511023076 
962.351933950599 
954.767164802698 
966.106245698184 
953.853416969953 
