0 0 0 0 0 0 0 0 0 0 0 0 0 0 0 0 0 0 0 0 0 0 0 0 0 0 0 0 0 0 0 0 0 0 0 0 0 0 0 0 0 0 0 0 0 0 0 0 0 0 0 0 0 0 0 0 0 0 0 0 0 0 0 0 0 0 0 0 0 0 0 0 0 0 0 0 0 0 0 0 0.00878286075949367 0.145779170886076 0.217352573839663 0.264369738396625 0.37509358649789 0.397400881856541 0.468270875527426 0.534788632911393 0.573571898734177 0.960609738396624 1.00874075949367 1.3045150464135 1.64920619620253 3.14523262025316 3.88204638607595 4.64661455485232 7.70089594936709 15.3792633586498 22.8421715063291 58.4376739050633 
0 0 0 0 0 0 0 0 0 0 0 0 0 0 0 0 0 0 0 0 0 0 0 0 0 0 0 0 0 0 0 0 0 0 0 0 0 0 0 0 0 0 0 0 0 0 0 0 0 0 0 0 0 0 0 0 0 0 0 0 0 0 0 0 0 0 0 0 0 0 0 0 0 0 0 0 0 0 0 0 0.00613370886075948 0.0182461012658228 0.0218500253164557 0.0252017637130803 0.0410979936708862 0.162720626582279 0.264369738396625 0.305606246835443 0.37509358649789 0.960609738396624 1.00874075949367 1.05526016877637 1.48332540084388 1.98487156118143 3.14523262025316 3.88204638607595 13.4711700506329 15.2392981202532 16.4075834810127 22.8421715063291 
0 0 0 0 0 0 0 0 0 0 0 0 0 0 0 0 0 0 0 0 0 0 0 0 0 0 0 0 0 0 0 0 0 0 0 0 0 0 0 0 0 0 0 0 0 0 0 0 0 0 0 0 0 0 0 0 0 0 0 0 0 0 0 0 0 0 0 0 0 0 0 0 0 0 0 0 0 0 0 0 0 0 0 0 0.00728164556962024 0.00770382700421947 0.00812856962025318 0.0218500253164557 0.0355038227848101 0.162720626582279 0.305606246835443 0.468270875527426 0.573571898734177 1.3045150464135 5.83045027848101 7.97157246202532 10.4994852151899 15.2392981202532 21.3767163037975 22.8421715063291 
0 0 0 0 0 0 0 0 0 0 0 0 0 0 0 0 0 0 0 0 0 0 0 0 0 0 0 0 0 0 0 0 0 0 0 0 0 0 0 0 0 0 0 0 0 0 0 0 0 0 0 0 0 0 0 0 0 0 0 0 0 0 0 0 0 0 0 0 0 0 0 0 0 0 0 0 0 0 0 0 0 0.00848355274261606 0.0218500253164557 0.0355038227848101 0.0410979936708862 0.0610192320675106 0.145779170886076 0.264369738396625 0.305606246835443 0.37509358649789 0.397400881856541 0.534788632911393 0.641767763713081 0.860264926160338 1.00874075949367 1.05526016877637 1.98487156118143 3.14523262025316 7.97157246202532 15.2392981202532 
0 0 0 0 0 0 0 0 0 0 0 0 0 0 0 0 0 0 0 0 0 0 0 0 0 0 0 0 0 0 0 0 0 0 0 0 0 0 0 0 0 0 0 0 0 0 0 0 0 0 0 0 0 0 0 0 0 0 0 0 0 0 0 0 0 0 0 0 0 0 0 0 0 0 0 0 0 0 0 0 0 0 0 0 0 0 0 0.00728164556962024 0.00848355274261606 0.0410979936708862 0.37509358649789 0.573571898734177 0.641767763713081 1.00874075949367 2.70488121518987 7.70089594936709 10.4994852151899 15.2392981202532 16.4075834810127 22.8421715063291 
0 0 0 0 0 0 0 0 0 0 0 0 0 0 0 0 0 0 0 0 0 0 0 0 0 0 0 0 0 0 0 0 0 0 0 0 0 0 0 0 0 0 0 0 0 0 0 0 0 0 0 0 0 0 0 0 0 0 0 0 0 0 0 0 0 0 0 0 0 0 0 0 0 0 0 0 0 0 0 0 0 0 0 0 0.00770382700421947 0.0182461012658228 0.0252017637130803 0.0610192320675106 0.145779170886076 0.397400881856541 0.459003194092827 0.468270875527426 1.00874075949367 2.14041576371308 10.4994852151899 15.2392981202532 15.3792633586498 22.8421715063291 34.3282040675106 58.4376739050633 
0 0 0 0 0 0 0 0 0 0 0 0 0 0 0 0 0 0 0 0 0 0 0 0 0 0 0 0 0 0 0 0 0 0 0 0 0 0 0 0 0 0 0 0 0 0 0 0 0 0 0 0 0 0 0 0 0 0 0 0 0 0 0 0 0 0 0 0 0 0 0 0 0 0 0 0 0 0 0 0 0 0 0 0 0 0.00728164556962024 0.00812856962025318 0.00848355274261606 0.0182461012658228 0.107205672995781 0.145779170886076 0.162720626582279 0.217352573839663 0.305606246835443 0.37509358649789 0.468270875527426 0.573571898734177 7.97157246202532 15.2392981202532 16.4075834810127 
0 0 0 0 0 0 0 0 0 0 0 0 0 0 0 0 0 0 0 0 0 0 0 0 0 0 0 0 0 0 0 0 0 0 0 0 0 0 0 0 0 0 0 0 0 0 0 0 0 0 0 0 0 0 0 0 0 0 0 0 0 0 0 0 0 0 0 0 0 0 0 0 0 0 0 0 0 0 0 0 0 0 0.00728164556962024 0.0182461012658228 0.0218500253164557 0.0610192320675106 0.162720626582279 0.217352573839663 0.305606246835443 0.468270875527426 0.534788632911393 1.48332540084388 1.64920619620253 1.98487156118143 4.64661455485232 7.70089594936709 10.4994852151899 16.4075834810127 21.3767163037975 58.4376739050633 
0 0 0 0 0 0 0 0 0 0 0 0 0 0 0 0 0 0 0 0 0 0 0 0 0 0 0 0 0 0 0 0 0 0 0 0 0 0 0 0 0 0 0 0 0 0 0 0 0 0 0 0 0 0 0 0 0 0 0 0 0 0 0 0 0 0 0 0 0 0 0 0 0 0 0 0 0 0 0 0 0 0 0.00613370886075948 0.0218500253164557 0.087784582278481 0.145779170886076 0.162720626582279 0.305606246835443 0.534788632911393 0.960609738396624 1.48332540084388 1.64920619620253 1.98487156118143 3.14523262025316 4.64661455485232 7.70089594936709 7.97157246202532 13.4711700506329 15.3792633586498 22.8421715063291 
0 0 0 0 0 0 0 0 0 0 0 0 0 0 0 0 0 0 0 0 0 0 0 0 0 0 0 0 0 0 0 0 0 0 0 0 0 0 0 0 0 0 0 0 0 0 0 0 0 0 0 0 0 0 0 0 0 0 0 0 0 0 0 0 0 0 0 0 0 0 0 0 0 0 0 0 0 0 0 0 0 0 0 0.00613370886075948 0.00728164556962024 0.00878286075949367 0.0182461012658228 0.0355038227848101 0.0410979936708862 0.087784582278481 0.145779170886076 0.305606246835443 0.573571898734177 1.64920619620253 2.14041576371308 3.88204638607595 15.2392981202532 21.3767163037975 22.8421715063291 58.4376739050633 
0 0 0 0 0 0 0 0 0 0 0 0 0 0 0 0 0 0 0 0 0 0 0 0 0 0 0 0 0 0 0 0 0 0 0 0 0 0 0 0 0 0 0 0 0 0 0 0 0 0 0 0 0 0 0 0 0 0 0 0 0 0 0 0 0 0 0 0 0 0 0 0 0 0 0 0 0 0 0 0 0 0 0 0 0 0.00728164556962024 0.00848355274261606 0.00878286075949367 0.0394782278481013 0.0610192320675106 0.107205672995781 0.37509358649789 0.534788632911393 0.641767763713081 0.860264926160338 2.70488121518987 4.64661455485232 7.97157246202532 10.4994852151899 15.3792633586498 
