12.8668207037913 
14.7507630674629 
15.0525585841197 
14.2818810487808 
14.409825186533 
14.3876101728713 
15.3150650490469 
14.2404819527451 
12.7352390896439 
14.3974916583999 
14.8124933118315 
13.885320841893 
15.1587363408199 
13.7185008430402 
15.0353045883614 
15.2167252368471 
15.5571736730288 
13.0647679851739 
14.2657251697983 
14.4986810157036 
14.8420478732302 
14.0005308429416 
13.7529627395247 
14.0597139199023 
15.254077441099 
14.3013946284456 
13.0913328608784 
13.5708682146134 
14.4065698355107 
15.6030377183944 
