0 0 0 0 0 0 0 0 0 0 0 0 0 0 0 0 0 0 0 0 0 0 0 0 0 0 0 0 0 0 0 0 0 0 0 0 0 0 0 0 0 0 0 0 0 0 0 0 0 0 0 0 0 0 0 0 0 0 0 0 0 0 0 0 0 0 0 0 0 0 0 0 0 0 0 0 0 0 0 0 0 0 0 0 0.013710675118859 0.0354958193343899 0.044106966719493 0.0707149730586371 0.157974003169572 0.248510681458003 0.359536228209192 0.609023350237718 0.81100811251981 0.895790332805072 1.98188289698891 3.12892181458003 7.72276707131538 17.4875127385103 29.7321544389857 62.6279444849445 
0 0 0 0 0 0 0 0 0 0 0 0 0 0 0 0 0 0 0 0 0 0 0 0 0 0 0 0 0 0 0 0 0 0 0 0 0 0 0 0 0 0 0 0 0 0 0 0 0 0 0 0 0 0 0 0 0 0 0 0 0 0 0 0 0 0 0 0 0 0 0 0 0 0 0 0 0 0 0 0 0 0 0 0 0 0.00445031378763869 0.013710675118859 0.060448882725832 0.157974003169572 0.359536228209192 0.430666213946118 0.793054160063391 0.895790332805072 1.98188289698891 2.33226961489699 3.12892181458003 3.87649761965135 10.1352542044374 16.0872791473851 29.7321544389857 
0 0 0 0 0 0 0 0 0 0 0 0 0 0 0 0 0 0 0 0 0 0 0 0 0 0 0 0 0 0 0 0 0 0 0 0 0 0 0 0 0 0 0 0 0 0 0 0 0 0 0 0 0 0 0 0 0 0 0 0 0 0 0 0 0 0 0 0 0 0 0 0 0 0 0 0 0 0 0 0 0 0 0 0 0 0 0 0.060448882725832 0.0707149730586371 0.136857459587956 0.248510681458003 0.304829530903328 0.447251125198098 0.59891382725832 0.81100811251981 1.55450649762282 9.11679649445325 10.1352542044374 23.2756173692551 29.7321544389857 
0 0 0 0 0 0 0 0 0 0 0 0 0 0 0 0 0 0 0 0 0 0 0 0 0 0 0 0 0 0 0 0 0 0 0 0 0 0 0 0 0 0 0 0 0 0 0 0 0 0 0 0 0 0 0 0 0 0 0 0 0 0 0 0 0 0 0 0 0 0 0 0 0 0 0 0 0 0 0 0 0 0 0 0 0 0 0 0.013710675118859 0.0354958193343899 0.136857459587956 0.157974003169572 0.294242358161648 0.359536228209192 0.430666213946118 0.609023350237718 0.81536529318542 2.33226961489699 3.12892181458003 9.11679649445325 10.1352542044374 
0 0 0 0 0 0 0 0 0 0 0 0 0 0 0 0 0 0 0 0 0 0 0 0 0 0 0 0 0 0 0 0 0 0 0 0 0 0 0 0 0 0 0 0 0 0 0 0 0 0 0 0 0 0 0 0 0 0 0 0 0 0 0 0 0 0 0 0 0 0 0 0 0 0 0 0 0 0 0 0 0 0 0 0 0 0 0 0 0 0.013710675118859 0.0707149730586371 0.294242358161648 0.304829530903328 0.359536228209192 0.447251125198098 0.478876980982568 7.72276707131538 10.1352542044374 16.0872791473851 29.7321544389857 
0 0 0 0 0 0 0 0 0 0 0 0 0 0 0 0 0 0 0 0 0 0 0 0 0 0 0 0 0 0 0 0 0 0 0 0 0 0 0 0 0 0 0 0 0 0 0 0 0 0 0 0 0 0 0 0 0 0 0 0 0 0 0 0 0 0 0 0 0 0 0 0 0 0 0 0 0 0 0 0 0 0 0 0 0 0 0.00445031378763869 0.013710675118859 0.0354958193343899 0.248510681458003 0.354261367670365 0.410693277337559 0.447251125198098 0.59891382725832 0.812334378763867 10.1352542044374 17.4875127385103 24.9239741299524 29.7321544389857 62.6279444849445 
0 0 0 0 0 0 0 0 0 0 0 0 0 0 0 0 0 0 0 0 0 0 0 0 0 0 0 0 0 0 0 0 0 0 0 0 0 0 0 0 0 0 0 0 0 0 0 0 0 0 0 0 0 0 0 0 0 0 0 0 0 0 0 0 0 0 0 0 0 0 0 0 0 0 0 0 0 0 0 0 0 0 0 0 0 0 0 0 0 0 0 0.060448882725832 0.0707149730586371 0.138880085578447 0.248510681458003 0.304829530903328 0.359536228209192 9.11679649445325 10.1352542044374 16.0872791473851 
0 0 0 0 0 0 0 0 0 0 0 0 0 0 0 0 0 0 0 0 0 0 0 0 0 0 0 0 0 0 0 0 0 0 0 0 0 0 0 0 0 0 0 0 0 0 0 0 0 0 0 0 0 0 0 0 0 0 0 0 0 0 0 0 0 0 0 0 0 0 0 0 0 0 0 0 0 0 0 0 0 0 0 0 0 0 0 0 0.044106966719493 0.060448882725832 0.248510681458003 0.304829530903328 0.447251125198098 0.609023350237718 0.793054160063391 2.33226961489699 7.72276707131538 16.0872791473851 23.2756173692551 62.6279444849445 
0 0 0 0 0 0 0 0 0 0 0 0 0 0 0 0 0 0 0 0 0 0 0 0 0 0 0 0 0 0 0 0 0 0 0 0 0 0 0 0 0 0 0 0 0 0 0 0 0 0 0 0 0 0 0 0 0 0 0 0 0 0 0 0 0 0 0 0 0 0 0 0 0 0 0 0 0 0 0 0 0 0 0 0 0 0 0 0 0.044106966719493 0.060448882725832 0.609023350237718 0.793054160063391 1.98188289698891 2.33226961489699 3.12892181458003 3.87649761965135 7.72276707131538 9.11679649445325 17.4875127385103 29.7321544389857 
0 0 0 0 0 0 0 0 0 0 0 0 0 0 0 0 0 0 0 0 0 0 0 0 0 0 0 0 0 0 0 0 0 0 0 0 0 0 0 0 0 0 0 0 0 0 0 0 0 0 0 0 0 0 0 0 0 0 0 0 0 0 0 0 0 0 0 0 0 0 0 0 0 0 0 0 0 0 0 0 0 0 0 0 0 0 0 0 0 0 0.0707149730586371 0.136857459587956 0.304829530903328 0.354261367670365 0.812334378763867 0.895790332805072 10.1352542044374 23.2756173692551 29.7321544389857 62.6279444849445 
0 0 0 0 0 0 0 0 0 0 0 0 0 0 0 0 0 0 0 0 0 0 0 0 0 0 0 0 0 0 0 0 0 0 0 0 0 0 0 0 0 0 0 0 0 0 0 0 0 0 0 0 0 0 0 0 0 0 0 0 0 0 0 0 0 0 0 0 0 0 0 0 0 0 0 0 0 0 0 0 0 0 0 0 0 0 0 0 0 0.044106966719493 0.138880085578447 0.294242358161648 0.304829530903328 0.359536228209192 0.447251125198098 0.478876980982568 0.609023350237718 0.81536529318542 9.11679649445325 17.4875127385103 
0 0 0 0 0 0 0 0 0 0 0 0 0 0 0 0 0 0 0 0 0 0 0 0 0 0 0 0 0 0 0 0 0 0 0 0 0 0 0 0 0 0 0 0 0 0 0 0 0 0 0 0 0 0 0 0 0 0 0 0 0 0 0 0 0 0 0 0 0 0 0 0 0 0 0 0 0 0 0 0 0 0 0 0 0 0 0 0 0.0707149730586371 0.248510681458003 0.294242358161648 0.354261367670365 0.410693277337559 0.59891382725832 0.609023350237718 0.812334378763867 2.33226961489699 3.12892181458003 3.87649761965135 24.9239741299524 
0 0 0 0 0 0 0 0 0 0 0 0 0 0 0 0 0 0 0 0 0 0 0 0 0 0 0 0 0 0 0 0 0 0 0 0 0 0 0 0 0 0 0 0 0 0 0 0 0 0 0 0 0 0 0 0 0 0 0 0 0 0 0 0 0 0 0 0 0 0 0 0 0 0 0 0 0 0 0 0 0 0 0.013710675118859 0.044106966719493 0.136857459587956 0.138880085578447 0.294242358161648 0.304829530903328 0.359536228209192 0.430666213946118 0.59891382725832 0.609023350237718 0.81100811251981 0.812334378763867 1.55450649762282 3.04738752139461 3.87649761965135 10.1352542044374 17.4875127385103 23.2756173692551 
0 0 0 0 0 0 0 0 0 0 0 0 0 0 0 0 0 0 0 0 0 0 0 0 0 0 0 0 0 0 0 0 0 0 0 0 0 0 0 0 0 0 0 0 0 0 0 0 0 0 0 0 0 0 0 0 0 0 0 0 0 0 0 0 0 0 0 0 0 0 0 0 0 0 0 0 0 0 0 0 0 0 0 0 0.00445031378763869 0.138880085578447 0.157974003169572 0.410693277337559 0.430666213946118 0.59891382725832 0.609023350237718 0.81536529318542 0.895790332805072 1.98188289698891 3.12892181458003 9.11679649445325 10.1352542044374 17.4875127385103 23.2756173692551 24.9239741299524 
0 0 0 0 0 0 0 0 0 0 0 0 0 0 0 0 0 0 0 0 0 0 0 0 0 0 0 0 0 0 0 0 0 0 0 0 0 0 0 0 0 0 0 0 0 0 0 0 0 0 0 0 0 0 0 0 0 0 0 0 0 0 0 0 0 0 0 0 0 0 0 0 0 0 0 0 0 0 0 0 0 0 0 0 0 0 0 0.060448882725832 0.0707149730586371 0.136857459587956 0.157974003169572 0.248510681458003 0.410693277337559 0.793054160063391 0.895790332805072 1.55450649762282 10.1352542044374 24.9239741299524 29.7321544389857 62.6279444849445 
0 0 0 0 0 0 0 0 0 0 0 0 0 0 0 0 0 0 0 0 0 0 0 0 0 0 0 0 0 0 0 0 0 0 0 0 0 0 0 0 0 0 0 0 0 0 0 0 0 0 0 0 0 0 0 0 0 0 0 0 0 0 0 0 0 0 0 0 0 0 0 0 0 0 0 0 0 0 0 0 0 0 0 0 0.013710675118859 0.0354958193343899 0.0707149730586371 0.136857459587956 0.157974003169572 0.304829530903328 0.354261367670365 0.359536228209192 0.410693277337559 0.478876980982568 0.81100811251981 0.895790332805072 3.87649761965135 10.1352542044374 17.4875127385103 29.7321544389857 
0 0 0 0 0 0 0 0 0 0 0 0 0 0 0 0 0 0 0 0 0 0 0 0 0 0 0 0 0 0 0 0 0 0 0 0 0 0 0 0 0 0 0 0 0 0 0 0 0 0 0 0 0 0 0 0 0 0 0 0 0 0 0 0 0 0 0 0 0 0 0 0 0 0 0 0 0 0 0 0 0 0 0 0 0 0 0.013710675118859 0.0707149730586371 0.138880085578447 0.248510681458003 0.430666213946118 0.447251125198098 0.81100811251981 0.81536529318542 0.895790332805072 3.12892181458003 10.1352542044374 17.4875127385103 24.9239741299524 29.7321544389857 
0 0 0 0 0 0 0 0 0 0 0 0 0 0 0 0 0 0 0 0 0 0 0 0 0 0 0 0 0 0 0 0 0 0 0 0 0 0 0 0 0 0 0 0 0 0 0 0 0 0 0 0 0 0 0 0 0 0 0 0 0 0 0 0 0 0 0 0 0 0 0 0 0 0 0 0 0 0 0 0 0 0 0 0 0 0 0 0 0 0 0.060448882725832 0.136857459587956 0.138880085578447 0.294242358161648 0.59891382725832 0.812334378763867 1.55450649762282 2.33226961489699 23.2756173692551 62.6279444849445 
0 0 0 0 0 0 0 0 0 0 0 0 0 0 0 0 0 0 0 0 0 0 0 0 0 0 0 0 0 0 0 0 0 0 0 0 0 0 0 0 0 0 0 0 0 0 0 0 0 0 0 0 0 0 0 0 0 0 0 0 0 0 0 0 0 0 0 0 0 0 0 0 0 0 0 0 0 0 0 0 0 0.00445031378763869 0.248510681458003 0.304829530903328 0.354261367670365 0.359536228209192 0.410693277337559 0.430666213946118 0.447251125198098 0.478876980982568 0.793054160063391 0.895790332805072 1.55450649762282 1.98188289698891 2.33226961489699 3.12892181458003 9.11679649445325 16.0872791473851 29.7321544389857 62.6279444849445 
0 0 0 0 0 0 0 0 0 0 0 0 0 0 0 0 0 0 0 0 0 0 0 0 0 0 0 0 0 0 0 0 0 0 0 0 0 0 0 0 0 0 0 0 0 0 0 0 0 0 0 0 0 0 0 0 0 0 0 0 0 0 0 0 0 0 0 0 0 0 0 0 0 0 0 0 0 0 0 0 0 0 0 0 0 0 0 0 0.0354958193343899 0.044106966719493 0.0707149730586371 0.136857459587956 0.138880085578447 0.157974003169572 0.354261367670365 1.55450649762282 3.12892181458003 9.11679649445325 16.0872791473851 29.7321544389857 
0 0 0 0 0 0 0 0 0 0 0 0 0 0 0 0 0 0 0 0 0 0 0 0 0 0 0 0 0 0 0 0 0 0 0 0 0 0 0 0 0 0 0 0 0 0 0 0 0 0 0 0 0 0 0 0 0 0 0 0 0 0 0 0 0 0 0 0 0 0 0 0 0 0 0 0 0 0 0 0 0 0 0 0 0 0 0 0 0 0 0.0354958193343899 0.044106966719493 0.0707149730586371 0.359536228209192 0.609023350237718 2.33226961489699 3.04738752139461 9.11679649445325 17.4875127385103 62.6279444849445 
0 0 0 0 0 0 0 0 0 0 0 0 0 0 0 0 0 0 0 0 0 0 0 0 0 0 0 0 0 0 0 0 0 0 0 0 0 0 0 0 0 0 0 0 0 0 0 0 0 0 0 0 0 0 0 0 0 0 0 0 0 0 0 0 0 0 0 0 0 0 0 0 0 0 0 0 0 0 0 0 0 0 0 0 0 0 0 0.00445031378763869 0.294242358161648 0.354261367670365 0.410693277337559 0.447251125198098 0.81100811251981 0.81536529318542 0.836264 0.895790332805072 1.55450649762282 9.11679649445325 16.0872791473851 29.7321544389857 
0 0 0 0 0 0 0 0 0 0 0 0 0 0 0 0 0 0 0 0 0 0 0 0 0 0 0 0 0 0 0 0 0 0 0 0 0 0 0 0 0 0 0 0 0 0 0 0 0 0 0 0 0 0 0 0 0 0 0 0 0 0 0 0 0 0 0 0 0 0 0 0 0 0 0 0 0 0 0 0 0 0 0 0 0 0 0.00445031378763869 0.0354958193343899 0.060448882725832 0.136857459587956 0.138880085578447 0.157974003169572 0.248510681458003 0.478876980982568 0.59891382725832 0.793054160063391 1.55450649762282 1.98188289698891 10.1352542044374 29.7321544389857 
0 0 0 0 0 0 0 0 0 0 0 0 0 0 0 0 0 0 0 0 0 0 0 0 0 0 0 0 0 0 0 0 0 0 0 0 0 0 0 0 0 0 0 0 0 0 0 0 0 0 0 0 0 0 0 0 0 0 0 0 0 0 0 0 0 0 0 0 0 0 0 0 0 0 0 0 0 0 0 0 0 0 0 0 0 0 0 0 0 0 0 0 0 0.0354958193343899 0.060448882725832 0.248510681458003 0.793054160063391 1.55450649762282 1.98188289698891 24.9239741299524 
0 0 0 0 0 0 0 0 0 0 0 0 0 0 0 0 0 0 0 0 0 0 0 0 0 0 0 0 0 0 0 0 0 0 0 0 0 0 0 0 0 0 0 0 0 0 0 0 0 0 0 0 0 0 0 0 0 0 0 0 0 0 0 0 0 0 0 0 0 0 0 0 0 0 0 0 0 0 0 0 0 0 0 0 0 0 0.00445031378763869 0.044106966719493 0.136857459587956 0.138880085578447 0.248510681458003 0.304829530903328 0.793054160063391 0.836264 3.04738752139461 3.12892181458003 3.87649761965135 10.1352542044374 23.2756173692551 62.6279444849445 
0 0 0 0 0 0 0 0 0 0 0 0 0 0 0 0 0 0 0 0 0 0 0 0 0 0 0 0 0 0 0 0 0 0 0 0 0 0 0 0 0 0 0 0 0 0 0 0 0 0 0 0 0 0 0 0 0 0 0 0 0 0 0 0 0 0 0 0 0 0 0 0 0 0 0 0 0 0 0 0 0 0 0 0 0.0707149730586371 0.136857459587956 0.294242358161648 0.430666213946118 0.447251125198098 0.59891382725832 0.793054160063391 0.81536529318542 0.895790332805072 1.55450649762282 1.98188289698891 3.87649761965135 7.72276707131538 9.11679649445325 17.4875127385103 62.6279444849445 
0 0 0 0 0 0 0 0 0 0 0 0 0 0 0 0 0 0 0 0 0 0 0 0 0 0 0 0 0 0 0 0 0 0 0 0 0 0 0 0 0 0 0 0 0 0 0 0 0 0 0 0 0 0 0 0 0 0 0 0 0 0 0 0 0 0 0 0 0 0 0 0 0 0 0 0 0 0 0 0 0 0 0 0 0 0 0 0 0 0 0.013710675118859 0.060448882725832 0.157974003169572 0.359536228209192 0.447251125198098 0.793054160063391 0.81536529318542 7.72276707131538 10.1352542044374 17.4875127385103 
0 0 0 0 0 0 0 0 0 0 0 0 0 0 0 0 0 0 0 0 0 0 0 0 0 0 0 0 0 0 0 0 0 0 0 0 0 0 0 0 0 0 0 0 0 0 0 0 0 0 0 0 0 0 0 0 0 0 0 0 0 0 0 0 0 0 0 0 0 0 0 0 0 0 0 0 0 0 0 0 0 0 0 0 0 0.0354958193343899 0.060448882725832 0.136857459587956 0.138880085578447 0.294242358161648 0.354261367670365 0.478876980982568 0.793054160063391 0.812334378763867 0.81536529318542 0.836264 1.55450649762282 2.33226961489699 10.1352542044374 23.2756173692551 
0 0 0 0 0 0 0 0 0 0 0 0 0 0 0 0 0 0 0 0 0 0 0 0 0 0 0 0 0 0 0 0 0 0 0 0 0 0 0 0 0 0 0 0 0 0 0 0 0 0 0 0 0 0 0 0 0 0 0 0 0 0 0 0 0 0 0 0 0 0 0 0 0 0 0 0 0 0 0 0 0 0 0 0 0 0 0 0.013710675118859 0.044106966719493 0.060448882725832 0.294242358161648 0.304829530903328 0.430666213946118 0.81100811251981 0.812334378763867 0.81536529318542 1.55450649762282 1.98188289698891 2.33226961489699 10.1352542044374 
0 0 0 0 0 0 0 0 0 0 0 0 0 0 0 0 0 0 0 0 0 0 0 0 0 0 0 0 0 0 0 0 0 0 0 0 0 0 0 0 0 0 0 0 0 0 0 0 0 0 0 0 0 0 0 0 0 0 0 0 0 0 0 0 0 0 0 0 0 0 0 0 0 0 0 0 0 0 0 0 0 0 0 0 0 0.0354958193343899 0.0707149730586371 0.138880085578447 0.354261367670365 0.359536228209192 0.410693277337559 0.478876980982568 0.609023350237718 0.81536529318542 0.895790332805072 3.12892181458003 9.11679649445325 16.0872791473851 24.9239741299524 62.6279444849445 
