987.648844059331 
846.269541705802 
820.260835278082 
833.963742088715 
767.962014575602 
1003.58314956297 
804.525170607646 
1001.75234321693 
862.491876417592 
870.732160315071 
695.302508469549 
651.717398983687 
802.048781553682 
918.346368034452 
1000.73927496758 
782.274086608065 
866.186595915216 
905.732675125897 
953.125067248199 
796.539809112781 
913.264473384942 
785.117961203459 
810.683036437019 
590.721420467356 
925.7358070297 
1010.64814186399 
788.441884479099 
791.613516449282 
775.268686557015 
1001.13986731454 
772.547307142098 
1007.23814089396 
944.110084101218 
944.619928906446 
883.34916390418 
791.447982421611 
939.819442103977 
935.088479593131 
725.913060866531 
682.278291172368 
1001.34512950886 
816.40389243334 
894.367108785983 
842.319899805564 
835.880626129149 
764.038858119792 
685.648563975757 
837.151927461665 
1022.48382484249 
592.545605452294 
865.49466367955 
931.069313401271 
734.077199111281 
913.99613378725 
895.409973160313 
1041.16930588603 
527.513907341335 
764.383168897348 
644.837804793667 
741.354074967713 
806.432122606419 
799.612120666361 
904.269354321282 
987.003261351413 
779.092522596222 
772.176510920114 
732.014645126496 
998.653546218921 
923.719602572664 
930.526361790509 
843.723628360217 
789.064292423143 
717.437718649759 
796.069692474194 
911.989861371873 
789.517855658963 
764.773829202652 
942.931481824198 
791.726079588098 
768.451995297509 
758.361040970665 
923.613660794954 
959.223340827611 
602.139957696124 
583.18962220831 
733.312431903439 
698.153004426049 
898.462420630572 
808.812501924333 
825.594341649653 
698.765480328433 
760.450080399877 
822.286971776779 
1018.66661016439 
847.431590580054 
777.811289222046 
972.462752360763 
892.258205273451 
679.441037938082 
863.180497972705 
