565.109995706047 
559.587780542932 
537.952483126289 
552.267865839306 
544.858562760737 
603.454297875834 
524.845498815273 
573.926338019822 
552.443331908637 
533.049365226664 
529.298364159632 
537.591618945965 
552.509545519706 
553.337215658062 
545.980883468348 
576.399416393232 
539.955444861112 
547.483932439604 
549.099544549676 
537.628036432053 
539.458842778098 
519.700701235248 
538.611308556421 
512.122553448454 
563.712888512501 
554.442982962907 
533.635355684621 
550.314564312784 
533.939938295536 
558.534984126942 
