16.4302164739415 
15.1728995806812 
14.3437515346631 
15.1200908095507 
15.6573080479116 
14.0574633803963 
16.8432342656593 
15.0532281688154 
14.9017960257257 
14.4680322762037 
14.5975247106446 
15.4042016745356 
14.6566497360852 
15.598005967244 
13.9663149259976 
14.4081466704835 
14.2683774401827 
15.2779535547096 
16.2150909977306 
16.4183365276138 
14.6168662058504 
15.1687884218692 
15.49517767354 
15.7454088147279 
14.6742563654041 
14.1836550884155 
15.887890407594 
14.2380783322271 
16.3652902261448 
16.5875755414623 
15.5701532897465 
15.5312390799458 
15.8529253833687 
14.6202336944267 
15.6188946821263 
14.8292724298153 
14.7733139452275 
14.980688970114 
14.8056026568667 
16.8568421831364 
15.284138230376 
14.6308773411325 
14.4090765446014 
15.1110310201907 
14.9036082616719 
13.9785724336156 
16.5756818673562 
14.823256557846 
15.5840033525422 
14.2291406393541 
14.6433706091274 
15.3918699434084 
17.2978696738506 
14.7219139402171 
14.3672100449573 
15.9201718682998 
15.6604003475533 
14.7946573651352 
14.6505676434194 
15.4830993514058 
16.3018668638533 
14.3887262460461 
14.6935206877654 
15.1550223771985 
15.0307337271306 
14.8530074192155 
15.1703054995748 
15.7349159675673 
15.0144944110353 
15.9235193212218 
13.8268073395013 
15.0188545974174 
14.6791527617041 
15.7247090025682 
14.8545387463042 
15.2758877468603 
15.3819437180421 
14.857490690616 
15.4188244252192 
14.1124903976472 
15.0402138026433 
15.605567503094 
14.5487775753898 
14.4555114276466 
14.3158962552945 
15.0889707962258 
15.9459647383049 
15.4864310252455 
16.2333633752522 
13.5795240235297 
15.4180553017286 
14.9684799793541 
14.4488864951491 
15.6716026673299 
16.3273038653239 
16.5557809545541 
14.9990988909469 
15.1066594888928 
15.405210438959 
15.1937571643417 
