0
0
0
0
0
0
0
0
0
0
0
0
0
0
0
0
0
0
0
0
0
0
0
0
0
0
0
0
0
0
0
0
0
0
0
0
0
0
0
0
0
0
0
0
0
0
0
0
0
0
0
0
0
0
0
0
0
0
0
0
0
0
0
0
0
0
4
9
12
16
20
26
34
42
51
60
56
57
74
83
71
63
72
52
59
67
76
98
73
81
121
129
123
113
112
93
142
150
163
177
220
222
224
193
176
164
173
195
223
272
251
213
244
421
593
527
571
644
678
409
389
305
597
654
432
731
810
520
794
848
827
746
762
841
463
375
519
688
680
684
398
346
339
373
286
270
292
333
421
433
401
437
441
485
411
434
498
496
511
622
1266
588
428
414
340
317
337
354
354
403
411
498
608
742
517
395
350
349
393
770
867
475
458
324
314
351
329
293
260
280
327
368
332
326
320
358
539
579
550
528
544
527
496
506
485
491
465
452
445
413
372
361
372
290
263
336
295
227
160
138
143
142
179
153
132
133
103
102
85
72
67
58
45
38
33
32
29
26
21
15
11
7
3
0
0
0
0
0
0
0
0
0
0
0
0
0
0
0
0
0
0
0
0
0
0
0
0
0
0
0
0
0
0
0
0
0
0
0
0
0
0
0
0
0
0
0
0
0
0
0
0
0
0
0
0
0
0
0
0
0
0
0
0
0
0
0
0
0
0
0
0
0
0
0
0
0
0
0
0
0
0
0
0
0
0
0
0
0
0
0
0
0
0
0
0
0
0
0
0
0
0
0
0
0
0
0
0
0
0
0
0
0
0
1
6
10
13
18
24
30
39
49
60
70
76
80
84
93
114
125
136
146
154
156
173
200
224
224
237
252
271
285
309
336
337
341
354
365
377
393
409
429
441
450
474
493
514
516
533
550
568
573
577
599
603
619
588
626
641
606
612
595
632
657
645
620
606
638
728
733
768
799
801
806
813
823
830
839
843
848
856
860
867
867
871
873
875
876
877
881
880
874
845
869
879
884
880
881
875
873
854
871
836
860
833
885
849
758
828
847
838
814
806
796
792
784
770
766
746
750
741
729
715
706
700
686
677
666
654
643
632
621
610
598
584
569
556
547
531
513
502
487
471
457
443
430
416
402
386
372
357
344
329
315
300
283
270
256
243
227
210
87
62
52
47
37
34
44
45
37
32
26
18
12
9
7
6
5
0
0
0
0
0
0
0
0
0
0
0
0
0
0
0
0
0
0
0
0
0
0
0
0
0
0
0
0
0
0
0
0
0
0
0
0
0
0
0
0
0
0
0
0
0
0
0
0
0
0
0
0
0
0
0
0
0
0
0
0
0
0
0
0
0
0
0
0
0
0
0
0
0
0
0
0
0
0
0
0
0
0
0
0
0
0
0
0
0
0
0
0
0
0
0
0
0
0
0
0
0
0
0
0
0
0
0
0
0
0
0
0
0
3
10
18
24
27
31
33
28
25
24
33
43
57
62
79
89
86
91
96
123
155
153
140
139
161
176
155
157
162
164
164
215
300
226
215
222
228
243
240
256
255
286
290
277
291
348
352
417
394
565
585
590
602
615
626
639
650
663
674
682
690
701
712
720
733
741
750
758
764
775
781
787
795
799
804
812
820
823
826
833
841
843
846
855
954
486
429
460
452
374
367
846
497
530
481
420
511
556
911
618
550
343
383
359
709
926
623
380
656
857
878
872
519
467
571
730
583
488
511
609
713
681
677
651
655
631
628
626
620
607
585
577
568
550
542
523
518
500
483
472
456
440
424
405
384
372
359
343
329
317
300
280
254
205
165
150
111
104
96
87
51
44
50
72
69
71
88
96
90
61
40
31
25
23
21
20
16
11
7
1
0
0
0
0
0
0
0
0
0
0
0
0
0
0
0
0
0
0
0
0
0
0
0
0
0
0
0
0
0
0
0
0
0
0
0
0
0
0
0
0
0
0
0
0
0
0
0
0
0
0
0
0
0
0
0
0
0
0
0
0
0
0
0
0
0
0
0
0
0
0
0
0
0
0
0
0
0
0
0
0
0
0
0
0
0
0
0
0
0
0
0
0
0
0
0
0
0
0
0
0
0
0
0
0
0
0
0
0
0
0
2
6
8
10
12
16
17
19
20
26
29
36
41
43
46
49
56
62
73
74
79
97
97
106
122
118
124
141
134
154
147
163
174
175
179
202
255
271
270
309
369
427
404
484
497
530
549
555
556
573
588
598
603
625
634
652
650
671
682
690
703
709
716
727
734
742
752
759
765
771
776
790
791
799
801
806
814
819
825
830
831
837
840
842
843
845
849
852
849
849
850
849
845
846
837
832
826
832
833
826
818
810
805
810
281
837
548
853
816
716
808
806
735
792
772
745
724
708
696
691
679
675
652
641
613
619
626
631
598
552
469
188
514
514
497
495
505
431
401
349
377
326
284
313
223
197
374
224
145
125
112
106
103
91
82
62
33
19
13
9
1
0
0
0
0
0
0
0
0
0
0
0
0
0
0
0
0
0
0
0
0
0
0
0
0
0
0
0
0
0
0
0
0
0
0
0
0
0
0
0
0
0
0
0
0
0
0
0
0
0
0
0
0
0
0
0
0
0
0
0
0
0
0
0
0
0
0
0
0
0
0
0
0
0
0
0
0
0
0
0
0
0
0
0
0
0
0
0
0
0
0
0
0
0
0
0
0
0
0
0
0
0
0
0
0
0
0
0
0
0
0
0
0
0
0
0
0
0
0
0
0
0
0
0
0
0
0
0
0
0
0
5
3
3
7
11
15
18
22
26
29
32
34
36
39
40
39
39
41
47
53
55
61
71
64
59
87
79
88
81
75
97
129
136
133
131
172
145
164
162
104
91
96
116
111
123
117
104
102
104
126
158
163
157
176
218
269
318
383
360
353
364
376
417
397
403
414
476
493
490
511
494
545
775
707
653
596
517
462
432
420
455
488
483
468
512
531
536
606
649
570
565
521
459
531
504
491
529
436
455
445
413
393
538
773
575
829
582
750
735
827
791
699
718
771
729
590
743
667
780
511
767
464
534
523
386
303
393
429
355
347
464
492
492
460
244
204
316
263
263
235
159
111
90
71
49
33
33
24
18
19
24
19
23
24
17
12
9
7
7
6
7
7
9
8
7
6
5
7
11
12
10
9
8
4
0
5
0
0
0
0
0
0
0
0
0
0
0
0
0
0
0
0
0
0
0
0
0
0
0
0
0
0
0
0
0
0
0
0
0
0
0
0
0
0
0
0
0
0
