9.48611272092406 
8.7170254494654 
8.55512523758861 
8.74350108237816 
9.18806987996408 
8.29111581248362 
9.89099890606669 
8.59738618901902 
8.51396664264805 
8.30499843265861 
8.46722938031154 
9.0107452277084 
8.37777667888577 
8.95221098120166 
8.03059808090121 
8.41511711368503 
8.32612450038404 
8.93428011867799 
9.28929011714012 
9.45926929093159 
8.26640974278671 
8.60038662325304 
9.03863802402575 
9.2023818571326 
8.66296681408809 
7.94112942568078 
9.55826054732009 
8.2072185129588 
9.45513308048864 
9.47087612923596 
9.17197026921078 
8.84979609975977 
9.13888988403051 
8.46993247961172 
8.82609366632964 
9.12759776311661 
8.4361226686841 
8.78555047067939 
8.32055421310196 
9.92778754624987 
8.56690300152496 
8.20623312068634 
8.49380893481722 
8.81707703199248 
8.38725791879147 
8.29010310015148 
9.48987608130111 
8.52938473882515 
8.97653786579979 
8.18334823644282 
8.37540565329556 
8.94502630281234 
9.8611449268719 
8.49252576566588 
8.29518746240623 
9.25384139017605 
8.91744720704847 
8.46932535730811 
8.38063200660473 
8.8652464256458 
9.29641086088735 
8.28368734836834 
8.57190738496751 
8.48075635904873 
8.54302170547279 
8.61431457439884 
9.18941698918278 
8.81692173299115 
8.63462558603447 
9.21804724681154 
7.87127648453516 
8.93142276851902 
8.54591433775105 
9.21276995657343 
8.69350863792934 
8.54014290668476 
8.73429219306286 
8.71138100952232 
8.89814638911516 
7.92622234495721 
8.77802057643265 
9.00467107549683 
8.40178962827824 
8.29112990996896 
8.60878819114527 
8.5740783173785 
9.16809456364408 
8.94709858275581 
9.42233955221302 
8.19735411142736 
9.2284121917879 
8.61934367002932 
8.34861162779781 
9.188045719028 
9.51383584693965 
9.65978612646804 
8.4817072525186 
8.83817029875515 
8.96338894396329 
8.61652946121078 
