2405.66179235301 
2798.46558770169 
2361.7662589557 
5880.72348320632 
2335.49140026423 
3991.07049297207 
2788.9320137004 
2801.68316892712 
2880.37213812998 
3927.01062870222 
2711.46350634168 
2997.20362193626 
2989.86441367493 
3066.03849180503 
3724.455055568 
2993.97371281341 
2202.31723378419 
3337.3837325175 
3316.09756298015 
2876.21763670097 
2841.86389590323 
2712.96750982636 
2898.24348008325 
2919.65292859476 
3042.93190274933 
3103.03040264968 
2908.5948046131 
2917.40514196601 
3005.35647142702 
3047.65759675859 
2955.02577557885 
4807.60466898568 
3081.23878931829 
3823.83023663399 
3865.78618083793 
3487.29096508945 
2590.90899751593 
6615.688071321 
2562.97809127164 
3355.10713970179 
3189.50238442082 
3196.78817179336 
3664.84145296599 
2610.53911950047 
3197.62235951847 
3275.31276903068 
3118.19371647069 
3212.06654599025 
3215.09920875445 
3081.67848432611 
3772.52974618914 
3252.64587498279 
3399.23279385084 
3471.72083065373 
3284.89565462163 
3278.91251507599 
3080.74156412253 
3229.12835601324 
3293.3813573426 
3421.93256229184 
3079.44713489391 
3289.96652975852 
3543.28016585131 
3334.48256732573 
3612.48487264255 
3288.49950996608 
3053.81332686804 
3312.19372879858 
3685.00578383854 
3432.63317724845 
3273.80054694772 
3386.46931072671 
2867.67029449292 
2751.38123817292 
2662.60393958508 
4277.84204265042 
3197.59770372364 
3062.63188281923 
2905.58679764373 
3050.66560372796 
2916.19289872016 
2738.97526407384 
2655.59347525483 
2205.53481500963 
2237.45174141824 
2789.88126180139 
4769.70049373229 
2990.08220652927 
2982.89915163519 
3029.6670851303 
3055.86797643728 
2213.49452744087 
4202.18573621176 
3235.30052331925 
4136.04656657784 
4559.66188686689 
2812.14955383285 
3829.45997645372 
3193.50484178171 
3774.87615599721 
