9.48611257674896 
8.71702549374858 
8.55512535399754 
8.74350088943801 
9.18806956961051 
8.29111596794296 
9.89099919162421 
8.59738658234805 
8.51396642550701 
8.30499834007465 
8.46722935863598 
9.01074511760332 
8.37777616805129 
8.9522107117838 
8.03059770449953 
8.4151166239942 
8.32612482201255 
8.93428059167119 
9.28928971079739 
9.4592693584846 
8.26640947562601 
8.60038648745829 
9.038638276419 
9.20238122316601 
8.66296634004795 
7.94112916310606 
9.55826031093159 
8.20721856776876 
9.45513349879486 
9.47087622491975 
9.17196995417586 
8.84979589901702 
9.13888997611392 
8.46993243727983 
8.82609350401823 
9.12759756321854 
8.43612280289813 
8.7855504757665 
8.32055448487864 
9.92778740764809 
8.56690321137161 
8.20623330666122 
8.49380878971999 
8.81707737554188 
8.38725790890437 
8.29010315928776 
9.48987571354097 
8.52938452562712 
8.97653785879193 
8.18334825653248 
8.37540550288276 
8.94502593995448 
9.86114482001826 
8.49252563449131 
8.29518752882988 
9.25384084624348 
8.91744693387376 
8.469325698345 
8.38063179929557 
8.86524633341904 
9.29641067990567 
8.28368708833256 
8.57190722713879 
8.48075636946106 
8.54302129006167 
8.61431455973368 
9.18941718128223 
8.81692164638399 
8.63462549604982 
9.21804717429037 
7.87127626710686 
8.9314226859084 
8.54591417379049 
9.21276970988153 
8.69350854422391 
8.54014260299006 
8.73429191079619 
8.71138129357723 
8.89814607501407 
7.92622228109882 
8.77802041435284 
9.00467126096421 
8.40178980476845 
8.29112966084636 
8.6087882249583 
8.57407860247784 
9.16809446616809 
8.94709859908209 
9.42233953871622 
8.19735401454116 
9.22841205968544 
8.61934304024277 
8.34861162899867 
9.18804597527302 
9.51383590142588 
9.65978599305163 
8.48170699834136 
8.83817024289077 
8.96338875741333 
8.61652915368812 
