845.04127922048 
784.939184453574 
791.54399215766 
772.85851111412 
731.498178960162 
744.055590299309 
834.913907407548 
765.382994424483 
810.994240409041 
854.023155561927 
802.336810761831 
770.620491060004 
762.476216898574 
843.323036013252 
750.72330093391 
802.508966150609 
813.91094997661 
787.197068591011 
815.288193086835 
792.315380726608 
814.066551962621 
859.065322044795 
788.203515479252 
799.797518777352 
777.8145999026 
828.689827967106 
742.631997661335 
741.228269106682 
795.258575738605 
817.165348960628 
