10.2178519731376 
9.40348020589289 
9.10116052757198 
9.48386237886635 
9.80599105674023 
8.87271388072993 
10.4508140944519 
9.36803495800489 
9.20353301683624 
8.86766699305084 
9.00601663999036 
9.71391119031735 
9.07448402093595 
9.59034445126862 
8.60632050422847 
9.02814542295008 
8.95283899235579 
9.64511338131035 
9.98657278739805 
10.2451056028862 
8.9443376723818 
9.2559371407216 
9.75718613940597 
9.83786722826057 
9.30898499828077 
8.61788474680797 
10.1143627343473 
8.86680597024353 
10.1156240432364 
10.1552459603538 
9.84148159214382 
9.73322434333465 
9.8477785134164 
8.96226421360129 
9.49086557977773 
9.58581583484192 
9.17056898725634 
9.36571743476109 
9.06120145011516 
10.6784750831882 
9.13803547919321 
8.93308235146342 
9.06459105811265 
9.37088967267908 
9.09619792405203 
8.97305205712757 
10.186920876977 
9.12067333379094 
9.62494849370246 
8.77266897590597 
9.04596025669585 
9.74494972457964 
10.6910721337306 
9.0330328894024 
8.78693278018899 
10.0539904711351 
9.70011914194414 
9.34360477707383 
9.00084778575159 
9.52801620337969 
10.0509625320704 
8.89042189477364 
9.12180211176268 
9.17187428681313 
9.17136113593832 
9.30779288085644 
9.71671741940386 
9.58694561600951 
9.21449901435235 
9.96610331007 
8.39553516291086 
9.43221546188801 
9.14998025444717 
9.91670715111331 
9.26861311713629 
9.33062653918198 
9.50759317227549 
9.35147207062441 
9.56971698109311 
8.60755495622663 
9.41277486552021 
9.68225798344691 
8.86383395272359 
9.03631394301849 
9.09701283929477 
9.3716708328999 
9.7525078426635 
9.67815950656841 
9.99415595090729 
8.83857235756854 
9.67272471585869 
9.3207530930482 
8.91797240946752 
9.91880497621302 
10.1186623504398 
10.2503975393291 
9.15010847004609 
9.45591100340042 
9.71301486182092 
9.41001318676585 
