375.378203869722 
382.327322351365 
393.543908066374 
387.098013028852 
371.524571705534 
372.146979649578 
363.565695655096 
360.907219170694 
360.50662682373 
380.585904380262 
364.631734793299 
376.444243007925 
354.749353341321 
377.619534604392 
358.619538908277 
364.032501613129 
369.322969137505 
349.647594608491 
371.766251385934 
374.606815300774 
368.578066012984 
465.753161617161 
381.996254296022 
394.2457723437 
388.09121719488 
376.97064121592 
370.528056858952 
360.672160851401 
378.619360131527 
374.053931648351 
