2486.13008808283 
2845.714309196 
2456.68695975558 
2889.84818194333 
2476.966351004 
2631.26642435499 
2550.6091008648 
2415.26522443965 
2773.60432791385 
3213.9403863974 
2539.92492310474 
2655.10857795649 
2414.71046905595 
2381.97168281964 
3100.34703031224 
2609.58165280121 
2917.74621379451 
2969.70008280238 
2537.91958512516 
1892.20486499925 
2318.32274846364 
2275.62302111563 
2463.16732449697 
1985.37911366527 
2494.45141883826 
2398.59379783481 
2427.97117737584 
2122.81462335191 
2520.63176364955 
1937.95369230801 
2668.36517697724 
2321.23213225368 
3036.12279407686 
3153.06111966074 
2810.76061072404 
2704.31332584071 
1900.68645842108 
2494.47607463309 
2530.61325125693 
2169.82911479533 
2139.87232407577 
2232.29868029858 
2733.76878206538 
3511.14133728922 
2725.83372542896 
2616.63321012285 
2632.48688619912 
2883.31850561228 
2702.94081992846 
2841.06258257123 
3737.61303140943 
2636.3496273893 
2692.19089338218 
2607.37495916384 
2818.64224647165 
2033.03054647515 
2273.11634864116 
2789.17035305044 
2701.75734177657 
2854.13837242989 
2581.6055442664 
3261.39046354949 
3189.99139101831 
2530.63379775262 
2876.68609680276 
2719.31226769618 
2784.75285647656 
2670.10751981196 
2834.01513454873 
2831.86186180016 
2731.86206726512 
1971.94581478156 
4876.65322240965 
2437.67323264181 
2221.3350701971 
4511.95292386907 
2072.57844138393 
1998.9110357283 
2134.14807037586 
1833.77884984826 
2114.41110661371 
1785.70004992798 
1862.72475297976 
1722.58943375913 
2273.68343192227 
2324.96748517057 
2685.85846340977 
2214.49308713152 
2689.52806754044 
3472.0701210805 
2556.82236116219 
2425.02480989355 
4468.00807888211 
2004.67227312046 
3881.57821742713 
4200.76802800898 
4492.76660619148 
1927.0188473005 
2628.08993612094 
2178.4750801827 
