1026.9400008674 
1025.2979033129 
1017.38537679021 
1012.11808402971 
1023.19231048092 
1019.3055715112 
993.604758374946 
1010.29058836422 
1020.60335828814 
950.185182916756 
1011.19771483585 
960.090739132608 
1041.12957771938 
983.2224641594 
1022.46727143972 
989.761058252418 
1061.84781662273 
972.823616541087 
1019.79224155255 
961.683176478807 
975.041772511883 
1004.66574210394 
994.498642124371 
1012.96561825138 
992.210961861953 
1007.16199524123 
972.893140832709 
1007.36063607443 
1001.65302280033 
1022.50699960636 
990.986010057185 
1021.10989241281 
1006.8938301164 
1006.67532519987 
993.147884458573 
998.302614080258 
1008.97293750395 
988.006397559101 
990.234485571558 
978.057802496054 
993.472331152809 
974.028704262534 
971.343742333705 
996.418836845358 
962.351933950599 
999.378585260122 
993.899408944201 
1015.91543462449 
951.823969790702 
1016.33920173533 
991.327010154188 
972.919626277136 
1024.71853421605 
1030.62809900392 
1015.41221118037 
993.819952610919 
1036.87535320823 
993.727253555423 
1030.05866194873 
1002.6429162858 
1007.87379156021 
986.635775809983 
1001.3848576755 
976.541510802585 
1019.35192103894 
983.692580797987 
1026.03949575687 
979.584026231184 
1016.15380362433 
1017.5211146929 
1025.10257316025 
998.133769372033 
1001.20939160617 
1023.00029100882 
1011.43939451625 
1010.96265651656 
1027.36376797824 
992.787020278249 
1040.38467459486 
1002.35819775821 
1018.41168776177 
1012.87622987644 
1024.99663138254 
982.259056118353 
1016.04124048552 
979.689968008894 
1007.90027700464 
990.549000224133 
1004.48696535406 
948.665580542733 
1009.69797654515 
949.857425541967 
1028.93303056056 
975.52182119213 
1045.83074410525 
995.382593832136 
1020.01736783018 
1004.40088765967 
1029.02904029661 
1002.53697450809 
