9.48611272092407 
8.7170254494654 
8.55512516089686 
8.74350098780005 
9.18806987996408 
8.29111581248362 
9.89099890606669 
8.59738618901902 
8.51396664130719 
8.30499843265861 
8.46722938031155 
9.01074522770841 
8.37777667888577 
8.95221096884033 
8.03059804046249 
8.41511711368503 
8.32612450038405 
8.93428010866271 
9.28929011714012 
9.45926929093159 
8.26640974278671 
8.60038662325304 
9.03863802402576 
9.2023818571326 
8.66296681408808 
7.94112933212057 
9.55826046167961 
8.20721851295879 
9.45513308048864 
9.47087610709298 
