6.99291982156266 
8.28260799337809 
8.42425725188625 
7.88623525493905 
7.96037310718418 
7.94534777460756 
8.31253101156727 
8.13154439080016 
7.23152110024407 
8.12534821183886 
8.24899132687757 
7.45433609440034 
8.43175733092457 
7.63539721084255 
8.23954602720814 
8.35901331933346 
8.74271331250409 
7.2132880261955 
7.85245661694773 
7.81791028455174 
8.45298193721551 
7.83331014199579 
7.59053372091917 
7.72366668581267 
8.323516079297 
7.51835159632925 
7.34017321511058 
7.30570495845037 
8.08801742688573 
8.99627775499474 
