894.495799268956 
1249.89675385915 
1283.4409627266 
1620.05420165564 
1255.06214287622 
1281.5506851229 
1156.9115329535 
1029.39587138716 
1937.61672977865 
1452.9043498986 
1068.60680376658 
1066.62612158183 
1069.13279405631 
1063.38799386071 
1396.13027300129 
922.915712110721 
726.043299685022 
1102.36880548838 
1097.90610662398 
856.562858921597 
857.549090714833 
852.354936603788 
1095.67886649093 
956.394172191962 
1181.09475838348 
897.54900852885 
962.323890848796 
895.038226755236 
1239.16326450942 
850.501642692331 
803.220046804917 
1727.17541159768 
1221.69463387172 
1455.04940404889 
1134.37613647804 
1206.92992206714 
876.19709020528 
1434.81110579185 
1215.23481562602 
970.041154630872 
992.564223208911 
850.961884195841 
1384.20919620054 
1034.04759801192 
1170.75576175105 
1337.58919747442 
1359.2410946351 
1521.88304523722 
1543.59658188498 
1441.59966796863 
1504.59522376161 
1168.78740746372 
1540.24750308711 
1387.08981489662 
1187.54635803091 
913.595821664636 
985.763333134717 
1106.85616014761 
1556.30664412031 
1442.92697159036 
1416.4507572411 
1420.34637282438 
1415.19331170472 
1148.79155785585 
1379.93141579738 
1449.67033147662 
1570.44674245584 
1436.88630185679 
1465.37196348477 
1395.6618128995 
1396.60284240221 
1072.90923996458 
1649.06996287248 
965.290804826783 
866.24025839273 
803.536462838581 
816.501301620502 
789.441566793575 
803.203609608363 
813.526169044239 
871.307024230482 
702.160053092145 
1197.09636922875 
956.842085798057 
807.649871276205 
1052.83120437394 
979.40624736748 
2176.06703088755 
1633.99705363252 
963.856659427451 
1182.78778962854 
791.294860705032 
1841.34406956222 
1084.74813078255 
1234.45811699586 
1485.88558478409 
1084.39884035578 
1218.09488782641 
1438.42728903372 
1128.75461525659 
