6.99291982156266 
8.28260799337809 
8.42425725188626 
7.88623525493905 
7.96037310718417 
7.94534777460755 
8.31253101156727 
8.13154439080016 
7.23152110024407 
8.12534821183886 
8.24899132687757 
7.45433609440034 
8.43175733092456 
7.63539721084255 
8.23954602720814 
8.35901331933347 
8.74271331250408 
7.2132880261955 
7.85245661694773 
7.81791028455174 
8.4529819372155 
7.83331014199579 
7.59053372091917 
7.72366668581267 
8.32351607929699 
7.51835159632925 
7.34017321511059 
7.30570495845037 
8.08801742688573 
8.99627775499474 
